cohort_id,time_id,covariate_id,sum_value,mean,sd,database_id
1794,17,1351541401,3431,0.9034,0.2955,MarketScan
1787,15,40239056401,850,0.0178,0.1323,MarketScan
1794,3,40239056401,2253,0.5932,0.4912,MarketScan
1787,2,19058410401,5762,0.1209,0.326,MarketScan
1786,16,1343039401,143,0.0333,0.1795,MarketScan
1786,17,1343039401,195,0.0455,0.2083,MarketScan
1794,4,1343039401,150,0.0395,0.1948,MarketScan
1794,15,42900250401,435,0.1145,0.3185,MarketScan
1786,9,40222431401,46,0.0107,0.103,MarketScan
1783,1,19058410401,-5,-0.0685,0,MarketScan
1785,4,1343039401,3166,0.0585,0.2347,MarketScan
1785,17,1351541401,48572,0.8973,0.3036,MarketScan
1783,12,40239056401,-5,-0.0685,0,MarketScan
1786,6,42900250401,1795,0.4186,0.4933,MarketScan
1794,4,40222431401,146,0.0384,0.1923,MarketScan
1782,4,1351541401,3174,0.0761,0.2651,MarketScan
1785,5,1315942401,3477,0.0642,0.2452,MarketScan
1785,4,40239056401,4225,0.0781,0.2683,MarketScan
1787,5,1315942401,3299,0.0692,0.2538,MarketScan
1785,1,1343039401,1714,0.0317,0.1751,MarketScan
1787,1,40239056401,1187,0.0249,0.1558,MarketScan
1794,8,963987401,48,0.0126,0.1117,MarketScan
1783,14,739471401,-5,-0.0685,0,MarketScan
1794,10,1315942401,44,0.0116,0.107,MarketScan
1783,11,19058410401,-5,-0.0685,0,MarketScan
1780,4,40239056401,6286,0.0108,0.1035,MarketScan
1782,5,19058410401,683,0.0164,0.1269,MarketScan
1781,6,1351541402,20782,0.0534,0.2248,MarketScan
1786,7,42900250402,1138,0.2654,0.4415,MarketScan
1787,5,1351541402,43263,0.9075,0.2897,MarketScan
1785,17,1343039402,3531,0.0652,0.2469,MarketScan
1794,1,1361291402,96,0.0253,0.157,MarketScan
1794,5,1366310402,93,0.0245,0.1546,MarketScan
1794,8,19058410402,90,0.0237,0.1521,MarketScan
1787,1,40239056402,1287,0.027,0.1621,MarketScan
1785,6,739471402,866,0.016,0.1255,MarketScan
1780,1,1351541402,26058,0.0449,0.2071,MarketScan
1794,2,1315942402,319,0.084,0.2774,MarketScan
1794,8,1315942402,278,0.0732,0.2605,MarketScan
1783,17,739471402,-5,-0.0685,0,MarketScan
1783,2,40222431402,-5,-0.0685,0,MarketScan
1784,4,1351541402,39,0.1902,0.3925,MarketScan
1784,2,19058410402,-5,-0.0244,0,MarketScan
1794,15,963987402,102,0.0269,0.1617,MarketScan
1783,8,40222431402,10,0.137,0.3438,MarketScan
1784,5,19058410402,6,0.0293,0.1686,MarketScan
1782,16,1351541402,3023,0.0724,0.2592,MarketScan
1782,2,1351541402,677,0.0162,0.1263,MarketScan
1794,7,19058410402,147,0.0387,0.1929,MarketScan
1786,2,1343039402,139,0.0324,0.1771,MarketScan
1783,11,42900250402,6,0.0822,0.2747,MarketScan
1785,2,19058410402,6021,0.1112,0.3144,MarketScan
1794,4,42900250402,1388,0.3655,0.4816,MarketScan
1786,17,19058410402,628,0.1465,0.3536,MarketScan
1794,4,1343039402,151,0.0398,0.1954,MarketScan
1787,1,42900250402,706,0.0148,0.1208,MarketScan
1786,5,739471402,217,0.0506,0.2192,MarketScan
1786,14,42900250402,307,0.0716,0.2578,MarketScan
1783,5,19058410402,-5,-0.0685,0,MarketScan
1783,9,40239056402,-5,-0.0685,0,MarketScan
1787,17,42900250402,4851,0.1018,0.3023,MarketScan
1783,14,40239056402,6,0.0822,0.2747,MarketScan
1794,3,40239056402,2345,0.6174,0.486,MarketScan
1785,6,42900250402,4928,0.091,0.2877,MarketScan
1786,13,42900250402,285,0.0665,0.2491,MarketScan
1786,3,1366310402,99,0.0231,0.1502,MarketScan
1786,3,963987402,271,0.0632,0.2433,MarketScan
1784,7,1351541402,22,0.1073,0.3095,MarketScan
1786,3,1315942402,423,0.0986,0.2982,MarketScan
1786,1,1366310402,54,0.0126,0.1115,MarketScan
1783,9,1351541402,-5,-0.0685,0,MarketScan
1786,15,40239056402,1406,0.3279,0.4694,MarketScan
1785,2,1343039402,2757,0.0509,0.2199,MarketScan
1794,4,963987402,247,0.065,0.2466,MarketScan
1786,4,1361291402,255,0.0595,0.2365,MarketScan
1787,6,963987404,477,0.01,0.0995,MarketScan
1783,16,1343039404,-5,-0.0685,0,MarketScan
1786,4,1315942404,583,0.136,0.3427,MarketScan
1787,10,1343039404,741,0.0155,0.1237,MarketScan
1794,5,1351541404,3427,0.9023,0.2969,MarketScan
1786,17,739471404,225,0.0525,0.223,MarketScan
1783,5,1315942404,17,0.2329,0.4227,MarketScan
1787,3,19058410404,5824,0.1222,0.3275,MarketScan
1781,3,1351541404,6287,0.0162,0.1261,MarketScan
1787,5,1366310404,958,0.0201,0.1403,MarketScan
1783,10,1351541404,7,0.0959,0.2944,MarketScan
1783,17,1366773404,-5,-0.0685,0,MarketScan
1786,7,42900250404,1138,0.2654,0.4415,MarketScan
1786,1,1361291404,105,0.0245,0.1546,MarketScan
1786,2,40239056404,2589,0.6038,0.4891,MarketScan
1794,16,1351541404,3153,0.8302,0.3755,MarketScan
1787,14,1343039404,734,0.0154,0.1231,MarketScan
1794,2,1351541404,3227,0.8497,0.3574,MarketScan
1786,4,739471404,200,0.0466,0.2109,MarketScan
1783,10,42900250404,6,0.0822,0.2747,MarketScan
1783,17,19058410404,-5,-0.0685,0,MarketScan
1786,15,1343039404,58,0.0135,0.1155,MarketScan
1786,7,19058410404,153,0.0357,0.1855,MarketScan
1786,5,1343039404,185,0.0431,0.2032,MarketScan
1794,5,40239056404,2473,0.6511,0.4766,MarketScan
1783,4,1366773404,-5,-0.0685,0,MarketScan
1783,2,1315942404,-5,-0.0685,0,MarketScan
1794,4,1351541404,3393,0.8934,0.3086,MarketScan
1794,16,1315942404,509,0.134,0.3407,MarketScan
1786,8,42900250404,915,0.2134,0.4097,MarketScan
1794,3,19058410404,580,0.1527,0.3597,MarketScan
1787,17,40239056404,5931,0.1244,0.3301,MarketScan
1794,3,1343039404,136,0.0358,0.1858,MarketScan
1787,2,40239056404,2330,0.0489,0.21560000000000001,MarketScan
1787,7,1315942404,1087,0.0228,0.1493,MarketScan
1786,17,1366310404,112,0.0261,0.1595,MarketScan
1787,7,1343039404,1572,0.033,0.1786,MarketScan
1787,3,1315942404,1922,0.0403,0.1967,MarketScan
1786,3,40222431404,83,0.0194,0.1378,MarketScan
1786,4,40239056404,2694,0.6283,0.4833,MarketScan
1785,1,40239056404,1412,0.0261,0.1594,MarketScan
1786,13,40239056404,423,0.0986,0.2982,MarketScan
1783,17,1315942404,17,0.2329,0.4227,MarketScan
1785,6,40239056401,6158,0.1138,0.3175,MarketScan
1785,7,1315942401,702,0.013,0.1131,MarketScan
1782,6,40239056401,466,0.0112,0.1051,MarketScan
1780,3,1351541401,56080,0.0967,0.2955,MarketScan
1781,9,1351541401,6321,0.0162,0.1264,MarketScan
1794,3,40222431401,81,0.0213,0.1445,MarketScan
1780,15,1351541401,14050,0.0242,0.1537,MarketScan
1786,15,40239056401,930,0.2169,0.4121,MarketScan
1784,15,1351541401,18,0.0878,0.283,MarketScan
1786,6,40239056401,2703,0.6304,0.4827,MarketScan
1786,11,42900250401,236,0.055,0.2281,MarketScan
1794,6,40222431401,319,0.084,0.2774,MarketScan
1786,15,1315942401,89,0.0208,0.1426,MarketScan
1784,7,1351541401,21,0.1024,0.3032,MarketScan
1780,17,1351541401,78642,0.1355,0.3423,MarketScan
1786,6,1351541401,3747,0.8738,0.332,MarketScan
1794,1,19058410401,395,0.104,0.3053,MarketScan
1787,2,1351541401,40767,0.8552,0.3519,MarketScan
1780,5,42900250401,6397,0.011,0.1044,MarketScan
1786,1,1361291401,101,0.0236,0.1517,MarketScan
1786,5,42900250401,1761,0.4107,0.492,MarketScan
1794,6,1315942401,796,0.2096,0.407,MarketScan
1786,15,19058410401,332,0.0774,0.2673,MarketScan
1783,5,1343039401,-5,-0.0685,0,MarketScan
1794,3,1366310401,84,0.0221,0.1471,MarketScan
1794,7,1366310401,60,0.0158,0.1247,MarketScan
1784,2,19058410401,-5,-0.0244,0,MarketScan
1785,6,19058410401,6485,0.1198,0.3247,MarketScan
1794,5,19058410401,601,0.1582,0.365,MarketScan
1786,5,19058410401,624,0.1455,0.3526,MarketScan
1794,3,739471401,50,0.0132,0.114,MarketScan
1785,3,42900250401,1582,0.0292,0.1684,MarketScan
1794,16,40239056401,1284,0.3381,0.4731,MarketScan
1784,8,1351541401,12,0.0585,0.2348,MarketScan
1794,17,42900250402,1661,0.4373,0.4961,MarketScan
1786,5,1361291402,267,0.0623,0.2416,MarketScan
1783,17,1343039402,-5,-0.0685,0,MarketScan
1787,8,1351541402,18032,0.3783,0.485,MarketScan
1787,2,1343039402,2419,0.0507,0.2195,MarketScan
1787,9,42900250402,1320,0.0277,0.1641,MarketScan
1785,10,1343039402,839,0.0155,0.1235,MarketScan
1786,10,40239056402,488,0.1138,0.3176,MarketScan
1785,6,1315942402,3798,0.0702,0.2554,MarketScan
1794,2,40222431402,45,0.0118,0.1082,MarketScan
1783,16,1343039402,-5,-0.0685,0,MarketScan
1780,2,19058410402,6059,0.0104,0.1017,MarketScan
1786,2,42900250402,1301,0.3034,0.4597,MarketScan
1787,6,1315942402,3589,0.0753,0.2639,MarketScan
1780,17,42900250402,9360,0.0161,0.126,MarketScan
1794,2,1351541402,3227,0.8497,0.3574,MarketScan
1786,16,1351541402,3444,0.8032,0.3976,MarketScan
1794,5,1343039402,168,0.0442,0.2056,MarketScan
1785,3,42900250402,1655,0.0306,0.1722,MarketScan
1786,5,1366310402,110,0.0257,0.1581,MarketScan
1786,7,40222431402,108,0.0252,0.1567,MarketScan
1794,14,1351541402,572,0.1506,0.3577,MarketScan
1787,3,1343039402,2601,0.0546,0.2271,MarketScan
1794,14,40239056402,431,0.1135,0.3172,MarketScan
1783,8,1378382402,-5,-0.0685,0,MarketScan
1794,17,1351541402,3431,0.9034,0.2955,MarketScan
1787,15,40239056402,1281,0.0269,0.1617,MarketScan
1794,7,40222431402,103,0.0271,0.1624,MarketScan
1786,6,40222431402,343,0.08,0.2713,MarketScan
1786,16,40222431402,144,0.0336,0.1802,MarketScan
1781,7,1351541402,9335,0.024,0.153,MarketScan
1785,8,42900250402,3059,0.0565,0.2309,MarketScan
1786,8,42900250402,915,0.2134,0.4097,MarketScan
1794,11,1315942402,44,0.0116,0.107,MarketScan
1786,11,40239056402,484,0.1129,0.3164,MarketScan
1785,7,19058410402,1234,0.0228,0.1493,MarketScan
1786,5,19058410404,624,0.1455,0.3526,MarketScan
1783,13,40239056404,6,0.0822,0.2747,MarketScan
1783,2,42900250404,18,0.2466,0.431,MarketScan
1783,11,42900250404,6,0.0822,0.2747,MarketScan
1784,8,1351541404,13,0.0634,0.2437,MarketScan
1786,4,963987404,280,0.0653,0.2471,MarketScan
1787,1,1351541404,23083,0.4842,0.4998,MarketScan
1794,17,1351541404,3431,0.9034,0.2955,MarketScan
1786,4,40222431404,152,0.0354,0.1849,MarketScan
1785,9,1351541404,5862,0.1083,0.3107,MarketScan
1794,14,40239056404,431,0.1135,0.3172,MarketScan
1785,4,1315942404,2510,0.0464,0.2103,MarketScan
1783,16,739471404,-5,-0.0685,0,MarketScan
1794,3,42900250404,1221,0.3215,0.467,MarketScan
1786,16,963987404,278,0.0648,0.2462,MarketScan
1780,4,19058410404,7771,0.0134,0.115,MarketScan
1786,6,1315942404,846,0.1973,0.398,MarketScan
1794,1,1343039404,73,0.0192,0.1373,MarketScan
1780,17,42900250404,9360,0.0161,0.126,MarketScan
1794,7,1366310404,61,0.0161,0.1257,MarketScan
1783,8,40222431404,10,0.137,0.3438,MarketScan
1786,2,739471404,188,0.0438,0.2047,MarketScan
1794,3,1315942404,406,0.1069,0.309,MarketScan
1780,5,40239056404,8952,0.0154,0.1232,MarketScan
1794,4,1361291404,225,0.0592,0.2361,MarketScan
1786,16,40222431404,144,0.0336,0.1802,MarketScan
1785,8,42900250404,3059,0.0565,0.2309,MarketScan
1785,11,1343039404,836,0.0154,0.1233,MarketScan
1794,11,1315942404,44,0.0116,0.107,MarketScan
1786,4,1343039404,168,0.0392,0.194,MarketScan
1794,15,1315942404,115,0.0303,0.1714,MarketScan
1783,8,1343039404,-5,-0.0685,0,MarketScan
1786,9,1351541404,385,0.0898,0.2859,MarketScan
1783,1,42900250404,11,0.1507,0.3577,MarketScan
1785,2,19058410404,6021,0.1112,0.3144,MarketScan
1794,4,40239056404,2408,0.634,0.4817,MarketScan
1782,17,19058410404,788,0.0189,0.1361,MarketScan
1786,12,40239056404,115,0.0268,0.1616,MarketScan
1787,1,1343039404,1520,0.0319,0.1757,MarketScan
1786,3,1361291401,243,0.0567,0.2312,MarketScan
1787,17,1315942401,3800,0.0797,0.2708,MarketScan
1787,5,1366310401,957,0.0201,0.1403,MarketScan
1794,17,739471401,77,0.0203,0.1409,MarketScan
1787,14,1351541401,10474,0.2197,0.414,MarketScan
1794,13,40239056401,285,0.075,0.2635,MarketScan
1787,7,42900250401,820,0.0172,0.13,MarketScan
1787,15,1351541401,12413,0.2604,0.4388,MarketScan
1794,5,40239056401,2392,0.6298,0.4829,MarketScan
1794,16,19058410401,357,0.094,0.2918,MarketScan
1794,17,1315942401,805,0.212,0.4087,MarketScan
1783,6,42900250401,28,0.3836,0.4863,MarketScan
1783,9,40239056401,-5,-0.0685,0,MarketScan
1787,4,1351541401,42756,0.8969,0.3041,MarketScan
1785,14,1351541401,11561,0.2136,0.4098,MarketScan
1782,16,19058410401,423,0.0101,0.1002,MarketScan
1783,14,1351541401,6,0.0822,0.2747,MarketScan
1783,9,1351541401,-5,-0.0685,0,MarketScan
1783,13,1351541401,-5,-0.0685,0,MarketScan
1780,10,1351541401,12163,0.021,0.1433,MarketScan
1787,5,40239056401,5074,0.1064,0.3084,MarketScan
1785,8,1343039401,1294,0.0239,0.1528,MarketScan
1794,6,42900250401,1598,0.4207,0.49370000000000003,MarketScan
1786,8,40222431401,163,0.038,0.1912,MarketScan
1783,15,42900250401,5,0.0685,0.2526,MarketScan
1786,4,1361291401,251,0.0585,0.2348,MarketScan
1786,15,1343039401,52,0.0121,0.1095,MarketScan
1786,3,19058410401,599,0.1397,0.3467,MarketScan
1794,16,40222431401,130,0.0342,0.1818,MarketScan
1786,6,1315942401,845,0.1971,0.3978,MarketScan
1794,11,1351541401,577,0.1519,0.3589,MarketScan
1794,3,1343039401,134,0.0353,0.1845,MarketScan
1786,4,1343039401,165,0.0385,0.1924,MarketScan
1786,3,40239056401,2523,0.5884,0.4921,MarketScan
1786,7,42900250401,318,0.0742,0.262,MarketScan
1785,6,739471401,853,0.0158,0.1245,MarketScan
1783,16,1351541401,51,0.6986,0.4589,MarketScan
1787,3,1351541401,42108,0.8833,0.3211,MarketScan
1787,16,19058410401,3932,0.0825,0.2751,MarketScan
1786,16,1351541401,3390,0.7906,0.4069,MarketScan
1786,12,42900250401,81,0.0189,0.1361,MarketScan
1783,5,40239056401,20,0.274,0.446,MarketScan
1780,6,1351541401,75657,0.1304,0.3367,MarketScan
1785,17,739471401,925,0.0171,0.1296,MarketScan
1786,11,1315942401,43,0.01,0.0996,MarketScan
1783,16,1366773401,-5,-0.0685,0,MarketScan
1786,16,1361291401,158,0.0368,0.1884,MarketScan
1786,5,1366310401,110,0.0257,0.1581,MarketScan
1783,2,42900250401,16,0.2192,0.4137,MarketScan
1785,17,42900250402,5417,0.1001,0.3001,MarketScan
1786,8,19058410402,97,0.0226,0.1487,MarketScan
1783,6,40239056402,22,0.3014,0.4589,MarketScan
1786,8,963987402,148,0.0345,0.1825,MarketScan
1794,2,1343039402,125,0.0329,0.1784,MarketScan
1783,14,42900250402,6,0.0822,0.2747,MarketScan
1794,4,739471402,56,0.0147,0.1205,MarketScan
1786,17,739471402,225,0.0525,0.223,MarketScan
1785,6,19058410402,6486,0.1198,0.3248,MarketScan
1780,6,1351541402,75690,0.1304,0.3368,MarketScan
1785,5,1366310402,1125,0.0208,0.1427,MarketScan
1794,16,1361291402,223,0.0587,0.2351,MarketScan
1783,11,40239056402,6,0.0822,0.2747,MarketScan
1783,11,19058410402,-5,-0.0685,0,MarketScan
1783,17,1351541402,55,0.7534,0.431,MarketScan
1785,16,1315942402,2385,0.0441,0.2052,MarketScan
1786,16,1361291402,253,0.059,0.2356,MarketScan
1794,15,1343039402,52,0.0137,0.1162,MarketScan
1786,15,1361291402,105,0.0245,0.1546,MarketScan
1786,2,40222431402,45,0.0105,0.1019,MarketScan
1785,6,40239056402,6248,0.1154,0.3195,MarketScan
1783,1,19058410402,-5,-0.0685,0,MarketScan
1787,2,1366310402,852,0.0179,0.1325,MarketScan
1785,2,1351541402,45703,0.8443,0.3626,MarketScan
1783,2,40239056402,14,0.1918,0.3937,MarketScan
1783,16,739471402,-5,-0.0685,0,MarketScan
1785,15,1343039402,963,0.0178,0.1322,MarketScan
1783,2,1351541402,45,0.6164,0.4863,MarketScan
1787,4,42900250402,2130,0.0447,0.2066,MarketScan
1786,6,40239056402,2792,0.6511,0.4766,MarketScan
1785,11,1343039402,836,0.0154,0.1233,MarketScan
1786,3,19058410402,599,0.1397,0.3467,MarketScan
1785,8,40222431402,581,0.0107,0.103,MarketScan
1787,5,40239056402,5156,0.1082,0.3106,MarketScan
1785,8,1343039402,1363,0.0252,0.1567,MarketScan
1787,5,40222431402,873,0.0183,0.1341,MarketScan
1783,2,19058410402,-5,-0.0685,0,MarketScan
1786,10,42900250404,315,0.0735,0.2609,MarketScan
1784,6,1351541404,42,0.2049,0.4036,MarketScan
1785,16,1351541404,41159,0.7604,0.4269,MarketScan
1787,2,42900250404,1141,0.0239,0.1528,MarketScan
1785,6,1351541404,48497,0.8959,0.3054,MarketScan
1787,8,1315942404,1177,0.0247,0.1552,MarketScan
1784,5,1351541404,42,0.2049,0.4036,MarketScan
1794,7,963987404,176,0.0463,0.2102,MarketScan
1783,8,1315942404,7,0.0959,0.2944,MarketScan
1783,4,19058410404,-5,-0.0685,0,MarketScan
1794,6,1315942404,797,0.2098,0.4072,MarketScan
1783,5,1343039404,-5,-0.0685,0,MarketScan
1787,4,40239056404,3874,0.0813,0.2732,MarketScan
1787,15,40239056404,1281,0.0269,0.1617,MarketScan
1786,4,42900250404,1580,0.3685,0.4824,MarketScan
1786,17,1343039404,195,0.0455,0.2083,MarketScan
1783,14,40239056404,6,0.0822,0.2747,MarketScan
1786,14,1315942404,43,0.01,0.0996,MarketScan
1783,1,1315942404,-5,-0.0685,0,MarketScan
1787,17,40222431404,1244,0.0261,0.1594,MarketScan
1786,3,1343039404,150,0.035,0.1837,MarketScan
1783,5,1351541404,55,0.7534,0.431,MarketScan
1794,5,963987404,265,0.0698,0.2548,MarketScan
1784,2,19058410404,-5,-0.0244,0,MarketScan
1783,8,40239056404,5,0.0685,0.2526,MarketScan
1780,10,1351541404,12173,0.021,0.1433,MarketScan
1787,7,1366310404,578,0.0121,0.1094,MarketScan
1794,4,963987404,247,0.065,0.2466,MarketScan
1786,4,1361291404,255,0.0595,0.2365,MarketScan
1785,6,1343039404,3483,0.0643,0.2454,MarketScan
1794,5,40222431404,279,0.0735,0.2609,MarketScan
1785,5,42900250404,4277,0.079,0.2698,MarketScan
1783,11,739471404,-5,-0.0685,0,MarketScan
1787,5,1351541404,43263,0.9075,0.2897,MarketScan
1786,2,1315942404,320,0.0746,0.2628,MarketScan
1787,8,42900250404,2755,0.0578,0.2333,MarketScan
1786,11,40239056404,484,0.1129,0.3164,MarketScan
1794,7,42900250404,998,0.2628,0.4401,MarketScan
1786,7,40239056404,1926,0.4492,0.4974,MarketScan
1794,16,739471404,55,0.0145,0.1195,MarketScan
1794,6,1378382404,39,0.0103,0.1008,MarketScan
1794,15,1361291404,96,0.0253,0.157,MarketScan
1783,17,40239056404,22,0.3014,0.4589,MarketScan
1783,9,40239056404,-5,-0.0685,0,MarketScan
1783,6,1378382404,-5,-0.0685,0,MarketScan
1787,15,19058410404,2939,0.0617,0.2405,MarketScan
1786,17,19058410404,628,0.1465,0.3536,MarketScan
1780,17,19058410401,10322,0.0178,0.1322,MarketScan
1786,17,1315942401,854,0.1992,0.3994,MarketScan
1783,8,1378382401,-5,-0.0685,0,MarketScan
1785,6,40222431401,1158,0.0214,0.1447,MarketScan
1794,4,42900250401,1331,0.3504,0.4771,MarketScan
1794,17,19058410401,604,0.159,0.3657,MarketScan
1786,6,40222431401,343,0.08,0.2713,MarketScan
1786,16,40222431401,136,0.0317,0.1752,MarketScan
1785,3,40239056401,3287,0.0607,0.2388,MarketScan
1794,16,739471401,40,0.0105,0.1021,MarketScan
1786,7,40222431401,87,0.0203,0.141,MarketScan
1786,17,1366310401,112,0.0261,0.1595,MarketScan
1787,8,42900250401,1983,0.0416,0.1997,MarketScan
1787,4,1315942401,2425,0.0509,0.2197,MarketScan
1786,7,1351541401,2614,0.6096,0.4878,MarketScan
1794,17,1366310401,95,0.025,0.1562,MarketScan
1786,8,1343039401,73,0.017,0.1294,MarketScan
1783,2,19058410401,-5,-0.0685,0,MarketScan
1787,4,19058410401,5906,0.1239,0.3295,MarketScan
1783,7,1315942401,9,0.1233,0.3288,MarketScan
1783,4,40222431401,9,0.1233,0.3288,MarketScan
1794,11,1315942401,43,0.0113,0.1058,MarketScan
1780,17,1315942401,6498,0.0112,0.1052,MarketScan
1784,2,1351541401,33,0.161,0.3675,MarketScan
1785,9,40239056401,731,0.0135,0.1154,MarketScan
1785,4,42900250401,2329,0.043,0.2029,MarketScan
1785,1,1351541401,25822,0.477,0.4995,MarketScan
1787,1,1343039401,1515,0.0318,0.1754,MarketScan
1786,6,1361291401,268,0.0625,0.2421,MarketScan
1787,7,1351541401,24979,0.524,0.4994,MarketScan
1794,8,1315942401,243,0.064,0.2447,MarketScan
1794,12,42900250401,66,0.0174,0.1307,MarketScan
1794,2,1351541401,3226,0.8494,0.3577,MarketScan
1783,16,40239056401,8,0.1096,0.3124,MarketScan
1785,16,739471401,542,0.01,0.0996,MarketScan
1794,5,1361291401,231,0.0608,0.239,MarketScan
1786,15,1361291401,88,0.0205,0.1418,MarketScan
1783,11,42900250401,-5,-0.0685,0,MarketScan
1783,4,19058410401,-5,-0.0685,0,MarketScan
1786,3,40239056402,2624,0.6119,0.4873,MarketScan
1780,5,42900250402,6491,0.0112,0.1052,MarketScan
1785,17,19058410402,6545,0.1209,0.326,MarketScan
1783,8,42900250402,12,0.1644,0.3706,MarketScan
1785,10,19058410402,779,0.0144,0.1191,MarketScan
1786,2,40239056402,2589,0.6038,0.4891,MarketScan
1780,4,19058410402,7771,0.0134,0.115,MarketScan
1787,14,1343039402,734,0.0154,0.1231,MarketScan
1786,3,42900250402,1395,0.3253,0.4685,MarketScan
1783,7,1351541402,39,0.5342,0.4988,MarketScan
1794,5,1351541402,3427,0.9023,0.2969,MarketScan
1787,8,19058410402,780,0.0164,0.1269,MarketScan
1783,4,1315942402,13,0.1781,0.3826,MarketScan
1794,3,739471402,50,0.0132,0.114,MarketScan
1783,5,1366773402,-5,-0.0685,0,MarketScan
1782,8,1351541402,2528,0.0606,0.2386,MarketScan
1784,8,1351541402,13,0.0634,0.2437,MarketScan
1780,16,40239056402,6363,0.011,0.1041,MarketScan
1794,7,40239056402,1715,0.4516,0.4976,MarketScan
1783,3,1343039402,-5,-0.0685,0,MarketScan
1781,17,1351541402,23121,0.0594,0.2364,MarketScan
1780,3,19058410402,6971,0.012,0.1089,MarketScan
1786,14,1351541402,622,0.1451,0.3522,MarketScan
1786,16,1343039402,147,0.0343,0.182,MarketScan
1786,14,1315942402,43,0.01,0.0996,MarketScan
1783,3,40222431402,-5,-0.0685,0,MarketScan
1786,17,963987402,310,0.0723,0.259,MarketScan
1787,16,1315942402,2301,0.0483,0.2143,MarketScan
1794,11,19058410402,70,0.0184,0.1345,MarketScan
1794,16,19058410402,422,0.1111,0.3143,MarketScan
1794,4,1351541402,3393,0.8934,0.3086,MarketScan
1785,4,19058410402,6184,0.1142,0.3181,MarketScan
1794,6,1343039402,173,0.0456,0.2085,MarketScan
1794,6,40222431402,319,0.084,0.2774,MarketScan
1780,6,19058410402,9768,0.0168,0.1287,MarketScan
1787,7,1315942402,1087,0.0228,0.1493,MarketScan
1787,9,1351541402,5306,0.1113,0.3145,MarketScan
1794,15,1315942402,115,0.0303,0.1714,MarketScan
1794,11,42900250402,269,0.0708,0.2565,MarketScan
1783,14,1351541402,7,0.0959,0.2944,MarketScan
1782,6,19058410402,736,0.0176,0.1316,MarketScan
1786,7,19058410402,153,0.0357,0.1855,MarketScan
1786,16,19058410402,440,0.1026,0.3035,MarketScan
1783,3,19058410402,-5,-0.0685,0,MarketScan
1794,7,1315942404,259,0.0682,0.2521,MarketScan
1786,7,1366310404,75,0.0175,0.1311,MarketScan
1786,5,40239056404,2771,0.6462,0.4781,MarketScan
1786,5,1366310404,110,0.0257,0.1581,MarketScan
1780,6,42900250404,7909,0.0136,0.116,MarketScan
1785,3,1351541404,47114,0.8704,0.3359,MarketScan
1785,1,1366310404,674,0.0125,0.1109,MarketScan
1782,17,1351541404,4795,0.1149,0.3189,MarketScan
1786,14,1351541404,622,0.1451,0.3522,MarketScan
1785,1,1315942404,699,0.0129,0.1129,MarketScan
1783,6,40239056404,22,0.3014,0.4589,MarketScan
1786,6,963987404,304,0.0709,0.2567,MarketScan
1786,7,1315942404,285,0.0665,0.2491,MarketScan
1785,4,739471404,766,0.0142,0.1181,MarketScan
1783,7,40222431404,8,0.1096,0.3124,MarketScan
1794,16,19058410404,422,0.1111,0.3143,MarketScan
1794,8,40239056404,1062,0.2796,0.4488,MarketScan
1786,11,42900250404,314,0.0732,0.2605,MarketScan
1785,17,40239056404,6617,0.1222,0.3276,MarketScan
1786,1,42900250404,802,0.187,0.3899,MarketScan
1785,16,1366310404,942,0.0174,0.1308,MarketScan
1783,16,42900250404,25,0.3425,0.4745,MarketScan
1794,2,1343039404,125,0.0329,0.1784,MarketScan
1794,8,19058410404,90,0.0237,0.1521,MarketScan
1785,17,1366310404,1153,0.0213,0.1444,MarketScan
1783,5,40222431404,16,0.2192,0.4137,MarketScan
1785,14,19058410404,770,0.0142,0.1184,MarketScan
1786,2,1351541404,3530,0.8232,0.3815,MarketScan
1786,6,1361291404,272,0.0634,0.2437,MarketScan
1785,15,1343039401,888,0.0164,0.127,MarketScan
1794,2,739471401,45,0.0118,0.1082,MarketScan
1785,16,42900250401,1715,0.0317,0.1752,MarketScan
1785,2,1366310401,998,0.0184,0.1345,MarketScan
1794,1,1315942401,132,0.0348,0.1832,MarketScan
1785,15,19058410401,2785,0.0514,0.2209,MarketScan
1783,13,42900250401,-5,-0.0685,0,MarketScan
1783,14,19058410401,-5,-0.0685,0,MarketScan
1787,3,40239056401,2934,0.0615,0.2403,MarketScan
1786,7,40239056401,280,0.0653,0.2471,MarketScan
1794,14,1315942401,42,0.0111,0.1046,MarketScan
1786,2,963987401,250,0.0583,0.2343,MarketScan
1783,4,1351541401,55,0.7534,0.431,MarketScan
1780,11,1351541401,11932,0.0206,0.1419,MarketScan
1787,17,963987401,605,0.0127,0.1119,MarketScan
1794,3,1315942401,405,0.1066,0.3086,MarketScan
1794,16,42900250401,783,0.2062,0.4045,MarketScan
1794,7,1351541401,2399,0.6316,0.4824,MarketScan
1794,16,1351541401,3107,0.8181,0.3858,MarketScan
1794,1,1343039401,71,0.0187,0.1354,MarketScan
1787,9,42900250401,826,0.0173,0.1305,MarketScan
1787,5,1351541401,43258,0.9074,0.2899,MarketScan
1785,17,19058410401,6545,0.1209,0.326,MarketScan
1786,2,19058410401,590,0.1376,0.3445,MarketScan
1786,5,1361291401,263,0.0613,0.2399,MarketScan
1794,9,1315942401,47,0.0124,0.1106,MarketScan
1794,6,1351541401,3430,0.9031,0.2958,MarketScan
1787,17,40222431401,1244,0.0261,0.1594,MarketScan
1786,3,1343039401,146,0.034,0.1814,MarketScan
1783,5,1351541401,55,0.7534,0.431,MarketScan
1794,7,1343039401,96,0.0253,0.157,MarketScan
1781,16,1351541401,11564,0.0297,0.1698,MarketScan
1787,11,19058410401,746,0.0156,0.1241,MarketScan
1786,8,1315942401,263,0.0613,0.2399,MarketScan
1786,17,40222431401,356,0.083,0.2759,MarketScan
1785,6,1315942401,3797,0.0701,0.2554,MarketScan
1794,2,40222431401,45,0.0118,0.1082,MarketScan
1785,6,1351541401,48476,0.8955,0.3059,MarketScan
1782,16,1351541401,3017,0.0723,0.259,MarketScan
1794,7,19058410401,115,0.0303,0.1714,MarketScan
1785,1,1315942402,699,0.0129,0.1129,MarketScan
1785,9,40239056402,1228,0.0227,0.1489,MarketScan
1794,3,19058410402,580,0.1527,0.3597,MarketScan
1784,17,1351541402,42,0.2049,0.4036,MarketScan
1794,2,963987402,230,0.0606,0.2385,MarketScan
1794,16,1351541402,3153,0.8302,0.3755,MarketScan
1794,8,1351541402,1649,0.4342,0.4956,MarketScan
1786,2,1366310402,97,0.0226,0.1487,MarketScan
1787,16,40239056402,3836,0.0805,0.272,MarketScan
1785,4,1366310402,1074,0.0198,0.1395,MarketScan
1787,8,40239056402,3178,0.0667,0.2494,MarketScan
1783,5,1315942402,17,0.2329,0.4227,MarketScan
1783,5,1343039402,-5,-0.0685,0,MarketScan
1794,10,40239056402,443,0.1166,0.321,MarketScan
1786,6,19058410402,628,0.1465,0.3536,MarketScan
1794,15,19058410402,364,0.0958,0.2944,MarketScan
1783,8,40239056402,5,0.0685,0.2526,MarketScan
1785,16,1351541402,41159,0.7604,0.4269,MarketScan
1783,4,19058410402,-5,-0.0685,0,MarketScan
1780,4,1351541402,63735,0.1098,0.3127,MarketScan
1794,1,1351541402,1696,0.4466,0.4971,MarketScan
1794,13,40239056402,385,0.1014,0.3018,MarketScan
1794,6,1378382402,39,0.0103,0.1008,MarketScan
1794,17,1343039402,177,0.0466,0.2108,MarketScan
1783,9,40222431402,-5,-0.0685,0,MarketScan
1786,1,739471402,86,0.0201,0.1402,MarketScan
1780,8,1351541402,35659,0.0615,0.2402,MarketScan
1794,5,40239056402,2473,0.6511,0.4766,MarketScan
1787,3,1366310402,882,0.0185,0.1348,MarketScan
1786,16,42900250402,1561,0.364,0.4812,MarketScan
1786,15,1315942402,115,0.0268,0.1616,MarketScan
1787,4,1351541402,42764,0.897,0.3039,MarketScan
1787,17,1366310402,982,0.0206,0.142,MarketScan
1787,8,1343039402,1208,0.0253,0.1572,MarketScan
1782,7,1351541402,2483,0.0595,0.2366,MarketScan
1780,10,1351541402,12173,0.021,0.1433,MarketScan
1785,4,739471402,766,0.0142,0.1181,MarketScan
1786,6,19058410404,628,0.1465,0.3536,MarketScan
1783,5,42900250404,30,0.411,0.492,MarketScan
1780,2,1351541404,46128,0.0795,0.2705,MarketScan
1785,15,1351541404,14555,0.2689,0.4434,MarketScan
1787,16,40239056404,3836,0.0805,0.272,MarketScan
1787,6,1343039404,3066,0.0643,0.2453,MarketScan
1785,8,19058410404,830,0.0153,0.1229,MarketScan
1783,16,1351541404,52,0.7123,0.4527,MarketScan
1783,14,739471404,-5,-0.0685,0,MarketScan
1780,17,19058410404,10322,0.0178,0.1322,MarketScan
1786,1,1351541404,1867,0.4354,0.4958,MarketScan
1786,1,739471404,86,0.0201,0.1402,MarketScan
1794,4,19058410404,589,0.1551,0.362,MarketScan
1794,17,739471404,77,0.0203,0.1409,MarketScan
1787,2,1351541404,40783,0.8555,0.3516,MarketScan
1794,2,42900250404,1137,0.2994,0.458,MarketScan
1794,2,963987404,230,0.0606,0.2385,MarketScan
1785,5,19058410404,6386,0.118,0.3226,MarketScan
1794,3,1366310404,84,0.0221,0.1471,MarketScan
1794,15,963987404,102,0.0269,0.1617,MarketScan
1783,1,739471404,-5,-0.0685,0,MarketScan
1794,1,963987404,102,0.0269,0.1617,MarketScan
1783,15,42900250404,11,0.1507,0.3577,MarketScan
1783,4,42900250404,27,0.3699,0.4828,MarketScan
1785,8,40239056404,3544,0.0655,0.2474,MarketScan
1787,4,1343039404,2794,0.0586,0.2349,MarketScan
1786,13,42900250404,285,0.0665,0.2491,MarketScan
1786,6,1343039404,190,0.0443,0.2058,MarketScan
1786,6,40239056404,2792,0.6511,0.4766,MarketScan
1785,15,40239056404,1406,0.026,0.1591,MarketScan
1786,16,42900250404,1561,0.364,0.4812,MarketScan
1787,7,19058410404,1171,0.0246,0.1548,MarketScan
1794,17,963987404,274,0.0721,0.2587,MarketScan
1794,13,42900250404,244,0.0642,0.2452,MarketScan
1784,7,1351541404,22,0.1073,0.3095,MarketScan
1783,7,1315942404,12,0.1644,0.3706,MarketScan
1785,5,1351541404,48395,0.894,0.3078,MarketScan
1787,1,1366310404,584,0.0123,0.11,MarketScan
1787,17,1366310404,982,0.0206,0.142,MarketScan
1783,4,1351541404,55,0.7534,0.431,MarketScan
1786,1,1366310404,54,0.0126,0.1115,MarketScan
1783,14,1351541404,7,0.0959,0.2944,MarketScan
1785,7,40239056404,3471,0.0641,0.245,MarketScan
1794,14,1315942404,43,0.0113,0.1058,MarketScan
1784,1,1351541404,20,0.0976,0.2967,MarketScan
1783,10,739471404,-5,-0.0685,0,MarketScan
1794,1,1351541404,1696,0.4466,0.4971,MarketScan
1782,17,40239056404,570,0.0137,0.1161,MarketScan
1787,1,1351541401,23062,0.4838,0.4997,MarketScan
1785,9,1351541401,5774,0.1067,0.3087,MarketScan
1780,6,40239056401,9990,0.0172,0.1301,MarketScan
1786,17,40239056401,2798,0.6525,0.4762,MarketScan
1786,3,1351541401,3637,0.8482,0.3588,MarketScan
1783,17,42900250401,30,0.411,0.492,MarketScan
1786,11,19058410401,72,0.0168,0.1285,MarketScan
1786,9,1315942401,50,0.0117,0.1074,MarketScan
1786,1,1315942401,132,0.0308,0.1727,MarketScan
1780,5,40239056401,8795,0.0152,0.1222,MarketScan
1785,6,42900250401,4865,0.0899,0.286,MarketScan
1785,7,1343039401,1659,0.0306,0.1724,MarketScan
1787,4,1343039401,2792,0.0586,0.2348,MarketScan
1794,5,40222431401,279,0.0735,0.2609,MarketScan
1783,3,1315942401,-5,-0.0685,0,MarketScan
1794,4,1361291401,223,0.0587,0.2351,MarketScan
1794,1,1366310401,45,0.0118,0.1082,MarketScan
1786,3,40222431401,83,0.0194,0.1378,MarketScan
1782,4,19058410401,514,0.0123,0.1103,MarketScan
1783,3,40239056401,14,0.1918,0.3937,MarketScan
1794,11,42900250401,205,0.054,0.226,MarketScan
1783,5,40222431401,16,0.2192,0.4137,MarketScan
1787,17,19058410401,6232,0.1307,0.3371,MarketScan
1785,3,19058410401,6089,0.1125,0.316,MarketScan
1785,5,40239056401,5660,0.1046,0.306,MarketScan
1785,1,42900250401,726,0.0134,0.115,MarketScan
1786,16,40239056401,1466,0.3419,0.4743,MarketScan
1787,5,40222431401,873,0.0183,0.1341,MarketScan
1786,5,40222431401,302,0.0704,0.2559,MarketScan
1786,16,42900250401,898,0.2094,0.4069,MarketScan
1794,6,1343039401,172,0.0453,0.2079,MarketScan
1786,8,42900250401,429,0.1,0.3001,MarketScan
1785,15,40239056401,930,0.0172,0.1299,MarketScan
1783,7,1351541401,38,0.5205,0.4996,MarketScan
1783,6,40222431401,17,0.2329,0.4227,MarketScan
1794,1,40239056401,1187,0.3125,0.4635,MarketScan
1783,6,40239056401,21,0.2877,0.4527,MarketScan
1787,16,40239056401,2749,0.0577,0.2331,MarketScan
1786,4,963987401,269,0.0627,0.2425,MarketScan
1786,10,40239056401,488,0.1138,0.3176,MarketScan
1783,5,1315942401,17,0.2329,0.4227,MarketScan
1794,10,42900250401,268,0.0706,0.2561,MarketScan
1783,17,1351541401,55,0.7534,0.431,MarketScan
1783,8,40222431401,9,0.1233,0.3288,MarketScan
1794,7,1315942401,182,0.0479,0.2136,MarketScan
1784,6,1351541401,42,0.2049,0.4036,MarketScan
1785,16,1351541401,40619,0.7504,0.4328,MarketScan
1782,8,1351541401,2502,0.06,0.2374,MarketScan
1786,2,1343039401,135,0.0315,0.1746,MarketScan
1787,15,1315942401,485,0.0102,0.1004,MarketScan
1787,2,1351541402,40783,0.8555,0.3516,MarketScan
1786,1,1361291402,105,0.0245,0.1546,MarketScan
1794,5,739471402,70,0.0184,0.1345,MarketScan
1794,2,1366310402,82,0.0216,0.1453,MarketScan
1787,17,40239056402,5931,0.1244,0.3301,MarketScan
1787,1,19058410402,3435,0.0721,0.2586,MarketScan
1787,1,1343039402,1520,0.0319,0.1757,MarketScan
1787,6,1366310402,972,0.0204,0.1413,MarketScan
1794,2,42900250402,1137,0.2994,0.458,MarketScan
1781,8,1351541402,12213,0.0314,0.1744,MarketScan
1784,6,1351541402,42,0.2049,0.4036,MarketScan
1786,7,1366310402,75,0.0175,0.1311,MarketScan
1785,5,19058410402,6386,0.118,0.3226,MarketScan
1787,11,19058410402,747,0.0157,0.1242,MarketScan
1785,6,1351541402,48497,0.8959,0.3054,MarketScan
1786,5,40239056402,2771,0.6462,0.4781,MarketScan
1787,8,1315942402,1177,0.0247,0.1552,MarketScan
1794,17,1378382402,40,0.0105,0.1021,MarketScan
1783,3,739471402,-5,-0.0685,0,MarketScan
1787,6,40222431402,1085,0.0228,0.1491,MarketScan
1785,6,40222431402,1158,0.0214,0.1447,MarketScan
1783,2,1343039402,-5,-0.0685,0,MarketScan
1786,7,40239056402,1926,0.4492,0.4974,MarketScan
1781,3,1351541402,6287,0.0162,0.1261,MarketScan
1786,17,40239056402,2798,0.6525,0.4762,MarketScan
1794,12,40239056402,104,0.0274,0.1632,MarketScan
1786,11,19058410402,72,0.0168,0.1285,MarketScan
1787,7,40239056402,3106,0.0652,0.2468,MarketScan
1785,15,42900250402,796,0.0147,0.1204,MarketScan
1785,4,1343039402,3173,0.0586,0.2349,MarketScan
1787,6,42900250402,4417,0.0927,0.2899,MarketScan
1794,7,1361291402,156,0.0411,0.1985,MarketScan
1783,3,1315942402,-5,-0.0685,0,MarketScan
1785,7,1351541402,28276,0.5224,0.4995,MarketScan
1787,4,19058410402,5907,0.1239,0.3295,MarketScan
1785,3,1366310402,1034,0.0191,0.1369,MarketScan
1785,7,42900250402,1920,0.0355,0.185,MarketScan
1783,5,40222431402,16,0.2192,0.4137,MarketScan
1786,7,1351541402,2692,0.6278,0.4834,MarketScan
1786,1,19058410402,404,0.0942,0.2921,MarketScan
1794,6,963987402,269,0.0708,0.2565,MarketScan
1786,8,1343039402,75,0.0175,0.1311,MarketScan
1794,5,19058410404,601,0.1582,0.365,MarketScan
1783,11,19058410404,-5,-0.0685,0,MarketScan
1794,16,963987404,245,0.0645,0.2457,MarketScan
1785,3,42900250404,1655,0.0306,0.1722,MarketScan
1786,16,1361291404,253,0.059,0.2356,MarketScan
1783,7,19058410404,-5,-0.0685,0,MarketScan
1785,15,1343039404,963,0.0178,0.1322,MarketScan
1786,10,1351541404,633,0.1476,0.3547,MarketScan
1794,5,42900250404,1618,0.426,0.4945,MarketScan
1787,17,1315942404,3800,0.0797,0.2708,MarketScan
1783,17,42900250404,30,0.411,0.492,MarketScan
1787,6,19058410404,6177,0.1296,0.3358,MarketScan
1794,2,1366310404,82,0.0216,0.1453,MarketScan
1786,8,19058410404,97,0.0226,0.1487,MarketScan
1784,16,1351541404,33,0.161,0.3675,MarketScan
1794,2,1315942404,319,0.084,0.2774,MarketScan
1783,10,19058410404,-5,-0.0685,0,MarketScan
1780,2,19058410404,6059,0.0104,0.1017,MarketScan
1787,6,1315942404,3589,0.0753,0.2639,MarketScan
1780,16,1351541404,57034,0.0983,0.2977,MarketScan
1787,11,1351541404,10671,0.2238,0.4168,MarketScan
1780,15,1351541404,14634,0.0252,0.1568,MarketScan
1782,6,19058410404,736,0.0176,0.1316,MarketScan
1794,6,42900250404,1648,0.4339,0.4956,MarketScan
1787,15,42900250404,698,0.0146,0.1201,MarketScan
1787,4,42900250404,2130,0.0447,0.2066,MarketScan
1783,14,19058410404,-5,-0.0685,0,MarketScan
1781,4,1351541404,11564,0.0297,0.1698,MarketScan
1786,7,1361291404,173,0.0403,0.1968,MarketScan
1794,6,40222431404,319,0.084,0.2774,MarketScan
1783,4,40239056404,20,0.274,0.446,MarketScan
1785,17,19058410404,6545,0.1209,0.326,MarketScan
1785,17,1343039404,3531,0.0652,0.2469,MarketScan
1786,7,1343039404,114,0.0266,0.1609,MarketScan
1787,1,42900250404,706,0.0148,0.1208,MarketScan
1787,6,40222431404,1085,0.0228,0.1491,MarketScan
1785,6,40222431404,1158,0.0214,0.1447,MarketScan
1785,7,1315942404,1161,0.0214,0.1449,MarketScan
1783,2,739471404,-5,-0.0685,0,MarketScan
1785,1,19058410404,3560,0.0658,0.2479,MarketScan
1785,3,1351541401,47075,0.8696,0.3367,MarketScan
1786,17,42900250401,1870,0.4361,0.4959,MarketScan
1785,4,1315942401,2509,0.0464,0.2102,MarketScan
1786,14,1351541401,607,0.1416,0.3486,MarketScan
1787,3,42900250401,1394,0.0292,0.1685,MarketScan
1785,2,19058410401,6020,0.1112,0.3144,MarketScan
1786,5,1343039401,182,0.0424,0.2016,MarketScan
1783,7,1343039401,-5,-0.0685,0,MarketScan
1794,7,42900250401,279,0.0735,0.2609,MarketScan
1794,15,1315942401,89,0.0234,0.1513,MarketScan
1786,11,40239056401,374,0.0872,0.2822,MarketScan
1786,7,19058410401,119,0.0278,0.1643,MarketScan
1794,8,40239056401,294,0.0774,0.2672,MarketScan
1786,2,40239056401,2484,0.5793,0.49370000000000003,MarketScan
1785,14,1343039401,779,0.0144,0.1191,MarketScan
1783,16,1315942401,12,0.1644,0.3706,MarketScan
1783,6,19058410401,-5,-0.0685,0,MarketScan
1787,17,40239056401,5931,0.1244,0.3301,MarketScan
1785,17,1343039401,3531,0.0652,0.2469,MarketScan
1787,16,1366310401,786,0.0165,0.1273,MarketScan
1787,1,1366310401,582,0.0122,0.1098,MarketScan
1794,2,1343039401,123,0.0324,0.177,MarketScan
1783,4,739471401,-5,-0.0685,0,MarketScan
1785,17,42900250401,5417,0.1001,0.3001,MarketScan
1787,2,1315942401,1532,0.0321,0.1764,MarketScan
1780,17,40239056401,11371,0.0196,0.1386,MarketScan
1794,1,42900250401,640,0.1685,0.3743,MarketScan
1786,16,1315942401,466,0.1087,0.3112,MarketScan
1785,4,1366310401,1072,0.0198,0.1393,MarketScan
1786,1,1343039401,79,0.0184,0.1345,MarketScan
1783,10,42900250401,6,0.0822,0.2747,MarketScan
1784,5,19058410401,6,0.0293,0.1686,MarketScan
1783,17,739471401,-5,-0.0685,0,MarketScan
1794,16,963987401,158,0.0416,0.1997,MarketScan
1787,8,1315942401,1026,0.0215,0.1451,MarketScan
1794,3,42900250402,1221,0.3215,0.467,MarketScan
1786,16,963987402,278,0.0648,0.2462,MarketScan
1786,4,1343039402,168,0.0392,0.194,MarketScan
1794,2,19058410402,572,0.1506,0.3577,MarketScan
1784,1,19058410402,-5,-0.0244,0,MarketScan
1794,9,1315942402,57,0.015,0.1216,MarketScan
1785,8,1351541402,20054,0.3705,0.4829,MarketScan
1780,17,40239056402,11371,0.0196,0.1386,MarketScan
1786,5,42900250402,1824,0.4254,0.4944,MarketScan
1783,16,19058410402,-5,-0.0685,0,MarketScan
1786,8,1366310402,54,0.0126,0.1115,MarketScan
1783,15,1351541402,18,0.2466,0.431,MarketScan
1786,1,40239056402,1411,0.3291,0.4699,MarketScan
1786,4,963987402,280,0.0653,0.2471,MarketScan
1783,1,1351541402,24,0.3288,0.4698,MarketScan
1787,16,19058410402,4326,0.0907,0.2872,MarketScan
1794,8,1361291402,88,0.0232,0.1504,MarketScan
1794,6,19058410402,604,0.159,0.3657,MarketScan
1786,12,42900250402,82,0.0191,0.137,MarketScan
1786,1,1343039402,83,0.0194,0.1378,MarketScan
1794,7,1366310402,61,0.0161,0.1257,MarketScan
1786,3,739471402,193,0.045,0.2073,MarketScan
1783,13,40239056402,6,0.0822,0.2747,MarketScan
1786,14,40239056402,476,0.111,0.3141,MarketScan
1783,3,1366773402,-5,-0.0685,0,MarketScan
1787,3,1315942402,1922,0.0403,0.1967,MarketScan
1794,7,42900250402,998,0.2628,0.4401,MarketScan
1785,3,1343039402,2947,0.0544,0.2269,MarketScan
1785,16,42900250402,2379,0.0439,0.205,MarketScan
1785,2,1366310402,1000,0.0185,0.1347,MarketScan
1787,5,1366310402,958,0.0201,0.1403,MarketScan
1786,9,1315942402,61,0.0142,0.1184,MarketScan
1794,17,739471402,77,0.0203,0.1409,MarketScan
1782,3,1351541402,1930,0.0463,0.21,MarketScan
1794,5,40222431402,279,0.0735,0.2609,MarketScan
1794,1,1366310402,45,0.0118,0.1082,MarketScan
1785,5,42900250402,4277,0.079,0.2698,MarketScan
1785,5,1315942402,3478,0.0643,0.2452,MarketScan
1785,15,40239056402,1406,0.026,0.1591,MarketScan
1794,8,40239056402,1062,0.2796,0.4488,MarketScan
1787,14,19058410402,741,0.0155,0.1237,MarketScan
1783,4,40239056402,20,0.274,0.446,MarketScan
1787,4,1315942402,2426,0.0509,0.2198,MarketScan
1782,16,19058410402,431,0.0103,0.1011,MarketScan
1785,5,1343039402,3409,0.063,0.2429,MarketScan
1783,7,42900250402,21,0.2877,0.4527,MarketScan
1780,15,1351541402,14634,0.0252,0.1568,MarketScan
1785,5,40239056402,5751,0.1062,0.3081,MarketScan
1787,17,963987402,605,0.0127,0.1119,MarketScan
1786,11,1315942404,44,0.0103,0.1008,MarketScan
1794,5,1361291404,233,0.0613,0.24,MarketScan
1783,3,1351541404,51,0.6986,0.4589,MarketScan
1783,5,1366773404,-5,-0.0685,0,MarketScan
1782,8,1351541404,2528,0.0606,0.2386,MarketScan
1786,3,739471404,193,0.045,0.2073,MarketScan
1786,2,40222431404,45,0.0105,0.1019,MarketScan
1787,8,19058410404,780,0.0164,0.1269,MarketScan
1785,10,1343039404,839,0.0155,0.1235,MarketScan
1780,16,19058410404,6120,0.0105,0.1022,MarketScan
1794,17,1361291404,242,0.0637,0.2442,MarketScan
1783,8,1378382404,-5,-0.0685,0,MarketScan
1794,1,40239056404,1286,0.3386,0.4732,MarketScan
1787,2,1315942404,1533,0.0322,0.1764,MarketScan
1786,11,1351541404,629,0.1467,0.3538,MarketScan
1787,9,42900250404,1320,0.0277,0.1641,MarketScan
1787,2,1343039404,2419,0.0507,0.2195,MarketScan
1783,6,40222431404,17,0.2329,0.4227,MarketScan
1794,8,1366310404,47,0.0124,0.1106,MarketScan
1783,17,1378382404,-5,-0.0685,0,MarketScan
1780,5,19058410404,9125,0.0157,0.1244,MarketScan
1785,3,19058410404,6090,0.1125,0.316,MarketScan
1785,7,1366310404,676,0.0125,0.1111,MarketScan
1785,7,19058410404,1234,0.0228,0.1493,MarketScan
1787,17,963987404,605,0.0127,0.1119,MarketScan
1785,6,42900250404,4928,0.091,0.2877,MarketScan
1787,16,1315942404,2301,0.0483,0.2143,MarketScan
1782,6,40239056404,466,0.0112,0.1051,MarketScan
1787,3,1366310404,882,0.0185,0.1348,MarketScan
1787,5,1315942404,3300,0.0692,0.2538,MarketScan
1786,8,963987404,148,0.0345,0.1825,MarketScan
1794,6,739471404,76,0.02,0.14,MarketScan
1787,4,1315942404,2426,0.0509,0.2198,MarketScan
1783,7,42900250404,21,0.2877,0.4527,MarketScan
1783,3,40239056404,15,0.2055,0.4041,MarketScan
1780,3,1351541404,56134,0.0967,0.2956,MarketScan
1786,17,1351541404,3749,0.8743,0.3315,MarketScan
1794,9,40239056404,190,0.05,0.218,MarketScan
1786,2,1361291404,239,0.0557,0.2294,MarketScan
1787,7,42900250404,1707,0.0358,0.1858,MarketScan
1784,3,19058410404,-5,-0.0244,0,MarketScan
1783,10,40239056404,6,0.0822,0.2747,MarketScan
1787,6,1366310404,972,0.0204,0.1413,MarketScan
1794,14,1351541401,563,0.1482,0.3553,MarketScan
1784,4,19058410401,5,0.0244,0.1543,MarketScan
1783,3,40222431401,-5,-0.0685,0,MarketScan
1782,17,19058410401,788,0.0189,0.1361,MarketScan
1782,17,40239056401,570,0.0137,0.1161,MarketScan
1784,3,19058410401,-5,-0.0244,0,MarketScan
1785,6,1343039401,3477,0.0642,0.2452,MarketScan
1785,8,40239056401,1900,0.0351,0.184,MarketScan
1783,4,1343039401,-5,-0.0685,0,MarketScan
1785,7,40239056401,1230,0.0227,0.149,MarketScan
1786,7,1343039401,107,0.025,0.156,MarketScan
1783,3,42900250401,17,0.2329,0.4227,MarketScan
1780,5,19058410401,9123,0.0157,0.1244,MarketScan
1785,7,19058410401,983,0.0182,0.1335,MarketScan
1783,4,42900250401,25,0.3425,0.4745,MarketScan
1781,7,1351541401,9183,0.0236,0.1518,MarketScan
1785,5,42900250401,4213,0.0778,0.2679,MarketScan
1785,11,1343039401,826,0.0153,0.1226,MarketScan
1787,7,19058410401,932,0.0196,0.1384,MarketScan
1794,16,1315942401,438,0.1153,0.3194,MarketScan
1783,7,40239056401,6,0.0822,0.2747,MarketScan
1786,14,19058410401,69,0.0161,0.1258,MarketScan
1783,15,1351541401,17,0.2329,0.4227,MarketScan
1786,8,1366310401,53,0.0124,0.1105,MarketScan
1786,10,19058410401,72,0.0168,0.1285,MarketScan
1794,2,40239056401,2221,0.5848,0.4928,MarketScan
1785,2,1315942401,1534,0.0283,0.1659,MarketScan
1786,6,1366310401,112,0.0261,0.1595,MarketScan
1785,8,1351541401,19695,0.3638,0.4811,MarketScan
1783,6,739471401,-5,-0.0685,0,MarketScan
1785,17,963987401,683,0.0126,0.1116,MarketScan
1785,3,739471401,730,0.0135,0.1153,MarketScan
1780,2,19058410401,6057,0.0104,0.1016,MarketScan
1783,1,739471401,-5,-0.0685,0,MarketScan
1780,14,1351541401,11642,0.0201,0.1402,MarketScan
1783,16,1343039401,-5,-0.0685,0,MarketScan
1785,16,1315942401,1943,0.0359,0.186,MarketScan
1786,4,1315942401,582,0.1357,0.3425,MarketScan
1794,3,963987401,228,0.06,0.2375,MarketScan
1794,17,1378382401,40,0.0105,0.1021,MarketScan
1794,15,1343039401,48,0.0126,0.1117,MarketScan
1787,1,1315942402,699,0.0147,0.1202,MarketScan
1786,11,1351541402,629,0.1467,0.3538,MarketScan
1786,6,739471402,224,0.0522,0.2225,MarketScan
1780,9,1351541402,13611,0.0235,0.1514,MarketScan
1783,6,1351541402,55,0.7534,0.431,MarketScan
1783,4,739471402,-5,-0.0685,0,MarketScan
1794,15,40239056402,1281,0.3373,0.4728,MarketScan
1785,5,739471402,830,0.0153,0.1229,MarketScan
1786,6,1315942402,846,0.1973,0.398,MarketScan
1783,17,1378382402,-5,-0.0685,0,MarketScan
1794,6,1315942402,797,0.2098,0.4072,MarketScan
1794,12,42900250402,67,0.0176,0.1316,MarketScan
1794,16,1366310402,80,0.0211,0.1436,MarketScan
1786,5,19058410402,624,0.1455,0.3526,MarketScan
1794,5,19058410402,601,0.1582,0.365,MarketScan
1783,16,1366773402,-5,-0.0685,0,MarketScan
1787,3,1351541402,42122,0.8836,0.3207,MarketScan
1783,16,40239056402,18,0.2466,0.431,MarketScan
1787,15,1315942402,642,0.0135,0.1153,MarketScan
1794,16,40239056402,2371,0.6243,0.4843,MarketScan
1786,2,1351541402,3530,0.8232,0.3815,MarketScan
1782,17,40239056402,570,0.0137,0.1161,MarketScan
1794,3,1361291402,218,0.0574,0.2326,MarketScan
1783,10,40239056402,6,0.0822,0.2747,MarketScan
1783,17,40222431402,18,0.2466,0.431,MarketScan
1783,17,40239056402,22,0.3014,0.4589,MarketScan
1783,12,40239056402,-5,-0.0685,0,MarketScan
1780,6,40239056402,10145,0.0175,0.1311,MarketScan
1787,1,1351541402,23083,0.4842,0.4998,MarketScan
1786,3,1361291402,247,0.0576,0.233,MarketScan
1786,4,40222431402,152,0.0354,0.1849,MarketScan
1794,4,1366310402,88,0.0232,0.1504,MarketScan
1784,17,19058410402,6,0.0293,0.1686,MarketScan
1785,8,40239056402,3544,0.0655,0.2474,MarketScan
1786,10,1315942402,44,0.0103,0.1008,MarketScan
1783,7,1343039402,-5,-0.0685,0,MarketScan
1783,2,1315942402,-5,-0.0685,0,MarketScan
1794,15,1351541402,1157,0.3046,0.4603,MarketScan
1785,4,40239056402,4324,0.0799,0.2711,MarketScan
1786,2,963987402,262,0.0611,0.2395,MarketScan
1783,8,1343039402,-5,-0.0685,0,MarketScan
1786,7,1315942402,285,0.0665,0.2491,MarketScan
1794,6,42900250402,1648,0.4339,0.4956,MarketScan
1794,8,42900250402,812,0.2138,0.41,MarketScan
1783,15,42900250402,11,0.1507,0.3577,MarketScan
1794,11,40239056402,439,0.1156,0.3197,MarketScan
1780,6,1351541404,75690,0.1304,0.3368,MarketScan
1794,15,19058410404,364,0.0958,0.2944,MarketScan
1794,3,739471404,50,0.0132,0.114,MarketScan
1783,11,40239056404,6,0.0822,0.2747,MarketScan
1785,10,1351541404,11930,0.2204,0.4145,MarketScan
1794,3,963987404,238,0.0627,0.2424,MarketScan
1785,6,1366310404,1142,0.0211,0.1437,MarketScan
1794,14,19058410404,70,0.0184,0.1345,MarketScan
1785,1,1351541404,25879,0.4781,0.4995,MarketScan
1787,1,1315942404,699,0.0147,0.1202,MarketScan
1780,17,1315942404,6498,0.0112,0.1052,MarketScan
1786,3,42900250404,1395,0.3253,0.4685,MarketScan
1794,8,1351541404,1649,0.4342,0.4956,MarketScan
1794,4,739471404,56,0.0147,0.1205,MarketScan
1781,16,1351541404,11564,0.0297,0.1698,MarketScan
1794,10,42900250404,269,0.0708,0.2565,MarketScan
1786,12,42900250404,82,0.0191,0.137,MarketScan
1783,17,1351541404,55,0.7534,0.431,MarketScan
1787,5,40239056404,5156,0.1082,0.3106,MarketScan
1786,5,40222431404,302,0.0704,0.2559,MarketScan
1782,7,1351541404,2483,0.0595,0.2366,MarketScan
1785,5,40222431404,927,0.0171,0.1297,MarketScan
1786,4,1351541404,3708,0.8647,0.342,MarketScan
1794,11,19058410404,70,0.0184,0.1345,MarketScan
1794,16,1343039404,131,0.0345,0.1825,MarketScan
1783,6,42900250404,30,0.411,0.492,MarketScan
1785,7,1351541404,28276,0.5224,0.4995,MarketScan
1786,2,19058410404,590,0.1376,0.3445,MarketScan
1794,2,40239056404,2316,0.6098,0.4878,MarketScan
1794,9,42900250404,156,0.0411,0.1985,MarketScan
1783,8,42900250404,12,0.1644,0.3706,MarketScan
1786,2,963987404,262,0.0611,0.2395,MarketScan
1794,4,40222431404,146,0.0384,0.1923,MarketScan
1780,3,19058410404,6971,0.012,0.1089,MarketScan
1785,3,40239056404,3389,0.0626,0.2423,MarketScan
1783,17,40222431404,18,0.2466,0.431,MarketScan
1787,3,42900250404,1454,0.0305,0.172,MarketScan
1794,13,40239056404,385,0.1014,0.3018,MarketScan
1787,1,40239056404,1287,0.027,0.1621,MarketScan
1794,7,1343039404,100,0.0263,0.1601,MarketScan
1784,17,1351541404,42,0.2049,0.4036,MarketScan
1786,1,1351541401,1865,0.4349,0.4957,MarketScan
1786,4,40222431401,152,0.0354,0.1849,MarketScan
1787,3,19058410401,5823,0.1221,0.3275,MarketScan
1786,1,739471401,82,0.0191,0.137,MarketScan
1787,15,19058410401,2690,0.0564,0.2307,MarketScan
1787,15,1343039401,780,0.0164,0.1269,MarketScan
1785,1,40239056401,1302,0.0241,0.1532,MarketScan
1787,4,42900250401,2071,0.0434,0.2039,MarketScan
1786,15,1351541401,1238,0.2887,0.4532,MarketScan
1780,3,19058410401,6969,0.012,0.1089,MarketScan
1787,7,1343039401,1488,0.0312,0.1739,MarketScan
1794,4,1315942401,554,0.1459,0.353,MarketScan
1794,15,1361291401,82,0.0216,0.1453,MarketScan
1794,9,40239056401,75,0.0197,0.1391,MarketScan
1783,1,42900250401,9,0.1233,0.3288,MarketScan
1783,2,40239056401,13,0.1781,0.3826,MarketScan
1781,5,1351541401,18231,0.0468,0.2113,MarketScan
1785,17,1366310401,1153,0.0213,0.1444,MarketScan
1786,5,1351541401,3744,0.8731,0.3328,MarketScan
1783,8,1343039401,-5,-0.0685,0,MarketScan
1785,7,1366310401,650,0.012,0.1089,MarketScan
1783,4,40239056401,19,0.2603,0.4388,MarketScan
1787,14,1343039401,696,0.0146,0.1199,MarketScan
1786,2,1366310401,97,0.0226,0.1487,MarketScan
1783,17,1378382401,-5,-0.0685,0,MarketScan
1794,3,19058410401,580,0.1527,0.3597,MarketScan
1785,17,40239056401,6617,0.1222,0.3276,MarketScan
1794,17,42900250401,1661,0.4373,0.4961,MarketScan
1786,1,42900250401,725,0.1691,0.3748,MarketScan
1794,2,19058410401,572,0.1506,0.3577,MarketScan
1794,8,19058410401,69,0.0182,0.1336,MarketScan
1783,16,42900250401,19,0.2603,0.4388,MarketScan
1794,5,739471401,70,0.0184,0.1345,MarketScan
1784,16,1351541401,33,0.161,0.3675,MarketScan
1786,8,19058410401,75,0.0175,0.1311,MarketScan
1787,8,1351541401,17785,0.3731,0.4836,MarketScan
1786,16,739471401,118,0.0275,0.1636,MarketScan
1794,5,1343039401,167,0.044,0.205,MarketScan
1786,6,19058410401,628,0.1465,0.3536,MarketScan
1780,2,1351541401,46060,0.0794,0.2703,MarketScan
1785,10,1351541401,11922,0.2202,0.4144,MarketScan
1785,2,42900250401,1231,0.0227,0.1491,MarketScan
1787,6,19058410402,6177,0.1296,0.3358,MarketScan
1786,3,1343039402,150,0.035,0.1837,MarketScan
1794,10,19058410402,70,0.0184,0.1345,MarketScan
1783,8,1351541402,23,0.3151,0.4645,MarketScan
1786,16,739471402,198,0.0462,0.2099,MarketScan
1794,5,963987402,265,0.0698,0.2548,MarketScan
1794,8,1366310402,47,0.0124,0.1106,MarketScan
1783,11,1351541402,7,0.0959,0.2944,MarketScan
1785,16,739471402,758,0.014,0.1175,MarketScan
1794,17,40222431402,332,0.0874,0.2824,MarketScan
1783,16,40222431402,9,0.1233,0.3288,MarketScan
1783,5,40239056402,21,0.2877,0.4527,MarketScan
1787,6,40239056402,5596,0.1174,0.3219,MarketScan
1794,16,963987402,245,0.0645,0.2457,MarketScan
1783,8,1315942402,7,0.0959,0.2944,MarketScan
1785,15,19058410402,3043,0.0562,0.2303,MarketScan
1786,13,40239056402,423,0.0986,0.2982,MarketScan
1782,4,19058410402,514,0.0123,0.1103,MarketScan
1794,15,1361291402,96,0.0253,0.157,MarketScan
1786,3,40222431402,83,0.0194,0.1378,MarketScan
1794,14,1315942402,43,0.0113,0.1058,MarketScan
1785,4,1315942402,2510,0.0464,0.2103,MarketScan
1785,15,1315942402,642,0.0119,0.1083,MarketScan
1787,3,19058410402,5824,0.1222,0.3275,MarketScan
1786,3,1351541402,3639,0.8486,0.3584,MarketScan
1794,2,739471402,45,0.0118,0.1082,MarketScan
1794,16,1343039402,131,0.0345,0.1825,MarketScan
1786,6,1343039402,190,0.0443,0.2058,MarketScan
1780,5,1351541402,72465,0.1249,0.3306,MarketScan
1781,4,1351541402,11564,0.0297,0.1698,MarketScan
1794,7,1351541402,2461,0.648,0.4776,MarketScan
1787,5,1343039402,3002,0.063,0.2429,MarketScan
1786,17,1366310402,112,0.0261,0.1595,MarketScan
1783,3,40239056402,15,0.2055,0.4041,MarketScan
1783,13,1351541402,-5,-0.0685,0,MarketScan
1785,5,40222431402,927,0.0171,0.1297,MarketScan
1786,15,1343039402,58,0.0135,0.1155,MarketScan
1784,15,1351541402,18,0.0878,0.283,MarketScan
1787,6,1351541404,43346,0.9093,0.2872,MarketScan
1794,2,40222431404,45,0.0118,0.1082,MarketScan
1786,7,739471404,136,0.0317,0.1752,MarketScan
1783,16,1366773404,-5,-0.0685,0,MarketScan
1783,2,40222431404,-5,-0.0685,0,MarketScan
1782,5,19058410404,683,0.0164,0.1269,MarketScan
1785,2,42900250404,1307,0.0241,0.1535,MarketScan
1785,16,1315942404,2385,0.0441,0.2052,MarketScan
1794,7,19058410404,147,0.0387,0.1929,MarketScan
1785,9,42900250404,1471,0.0272,0.1626,MarketScan
1794,3,40239056404,2345,0.6174,0.486,MarketScan
1794,14,1351541404,572,0.1506,0.3577,MarketScan
1785,16,42900250404,2379,0.0439,0.205,MarketScan
1783,3,40222431404,-5,-0.0685,0,MarketScan
1780,5,42900250404,6491,0.0112,0.1052,MarketScan
1787,9,40239056404,1097,0.023,0.1499,MarketScan
1786,15,739471404,86,0.0201,0.1402,MarketScan
1794,5,739471404,70,0.0184,0.1345,MarketScan
1786,16,1366310404,96,0.0224,0.1479,MarketScan
1784,2,1351541404,33,0.161,0.3675,MarketScan
1786,2,1366310404,97,0.0226,0.1487,MarketScan
1783,16,1315942404,12,0.1644,0.3706,MarketScan
1783,5,739471404,-5,-0.0685,0,MarketScan
1787,16,19058410404,4326,0.0907,0.2872,MarketScan
1786,2,42900250404,1301,0.3034,0.4597,MarketScan
1785,11,19058410404,777,0.0144,0.1189,MarketScan
1786,8,1315942404,300,0.07,0.2551,MarketScan
1783,5,40239056404,21,0.2877,0.4527,MarketScan
1794,10,1315942404,44,0.0116,0.107,MarketScan
1787,17,1351541404,43404,0.9105,0.2855,MarketScan
1784,15,1351541404,18,0.0878,0.283,MarketScan
1794,3,1351541404,3330,0.8768,0.3287,MarketScan
1786,8,40239056404,1196,0.2789,0.4485,MarketScan
1785,4,40239056404,4324,0.0799,0.2711,MarketScan
1785,4,19058410404,6184,0.1142,0.3181,MarketScan
1781,7,1351541404,9335,0.024,0.153,MarketScan
1786,3,963987404,271,0.0632,0.2433,MarketScan
1786,14,19058410404,72,0.0168,0.1285,MarketScan
1783,15,40239056404,12,0.1644,0.3706,MarketScan
1787,16,1366310404,806,0.0169,0.1289,MarketScan
1794,2,19058410404,572,0.1506,0.3577,MarketScan
1785,6,963987404,546,0.0101,0.0999,MarketScan
1794,11,1351541404,578,0.1522,0.3592,MarketScan
1786,5,1361291404,267,0.0623,0.2416,MarketScan
1784,1,19058410404,-5,-0.0244,0,MarketScan
1794,9,1315942404,57,0.015,0.1216,MarketScan
1787,5,1343039404,3002,0.063,0.2429,MarketScan
1785,5,1343039404,3409,0.063,0.2429,MarketScan
1794,11,42900250404,269,0.0708,0.2565,MarketScan
1783,3,42900250404,19,0.2603,0.4388,MarketScan
1783,15,1315942404,-5,-0.0685,0,MarketScan
1794,17,1343039404,177,0.0466,0.2108,MarketScan
1783,2,40239056404,14,0.1918,0.3937,MarketScan
1785,6,40239056404,6248,0.1154,0.3195,MarketScan
1787,15,1343039404,842,0.0177,0.1317,MarketScan
1783,1,40239056404,12,0.1644,0.3706,MarketScan
1783,13,42900250404,6,0.0822,0.2747,MarketScan
1787,1,19058410404,3435,0.0721,0.2586,MarketScan
1782,3,1351541401,1930,0.0463,0.21,MarketScan
1794,8,1343039401,65,0.0171,0.1297,MarketScan
1794,10,1351541401,582,0.1532,0.3602,MarketScan
1794,5,42900250401,1567,0.4126,0.4923,MarketScan
1780,4,1351541401,63692,0.1098,0.3126,MarketScan
1786,12,40239056401,115,0.0268,0.1616,MarketScan
1794,3,1361291401,216,0.0569,0.2316,MarketScan
1783,3,1366773401,-5,-0.0685,0,MarketScan
1784,3,1351541401,38,0.1854,0.3886,MarketScan
1785,2,1351541401,45656,0.8434,0.3634,MarketScan
1787,3,1315942401,1921,0.0403,0.1967,MarketScan
1794,9,1351541401,355,0.0935,0.2911,MarketScan
1783,17,40239056401,22,0.3014,0.4589,MarketScan
1787,5,19058410401,6089,0.1277,0.3338,MarketScan
1780,6,19058410401,9766,0.0168,0.1286,MarketScan
1785,5,1343039401,3403,0.0629,0.2427,MarketScan
1794,6,40239056401,2412,0.6351,0.4814,MarketScan
1786,3,1315942401,422,0.0984,0.2979,MarketScan
1783,7,42900250401,11,0.1507,0.3577,MarketScan
1787,8,40222431401,491,0.0103,0.101,MarketScan
1794,1,963987401,91,0.024,0.1529,MarketScan
1785,7,1351541401,27512,0.5082,0.4999,MarketScan
1787,14,19058410401,723,0.0152,0.1222,MarketScan
1786,3,42900250401,1324,0.3088,0.462,MarketScan
1785,5,1351541401,48371,0.8936,0.3084,MarketScan
1794,2,1366310401,82,0.0216,0.1453,MarketScan
1782,9,1351541401,933,0.0224,0.1479,MarketScan
1783,16,19058410401,-5,-0.0685,0,MarketScan
1787,10,1351541401,10702,0.2245,0.4172,MarketScan
1794,5,1351541401,3427,0.9023,0.2969,MarketScan
1794,17,40239056401,2498,0.6577,0.4745,MarketScan
1785,2,40239056401,2497,0.0461,0.2098,MarketScan
1780,17,42900250401,9360,0.0161,0.126,MarketScan
1786,5,1315942401,806,0.188,0.3907,MarketScan
1783,3,1351541401,51,0.6986,0.4589,MarketScan
1786,7,1366310401,74,0.0173,0.1302,MarketScan
1783,4,1315942401,13,0.1781,0.3826,MarketScan
1787,6,40239056401,5515,0.1157,0.3198,MarketScan
1782,2,1351541401,677,0.0162,0.1263,MarketScan
1786,2,40222431401,45,0.0105,0.1019,MarketScan
1787,9,40239056402,1097,0.023,0.1499,MarketScan
1785,5,1351541402,48395,0.894,0.3078,MarketScan
1794,11,1351541402,578,0.1522,0.3592,MarketScan
1786,1,42900250402,802,0.187,0.3899,MarketScan
1785,16,1366310402,942,0.0174,0.1308,MarketScan
1785,17,1315942402,4038,0.0746,0.2627,MarketScan
1786,5,963987402,300,0.07,0.2551,MarketScan
1784,9,1351541402,5,0.0244,0.1543,MarketScan
1786,10,19058410402,72,0.0168,0.1285,MarketScan
1783,6,19058410402,-5,-0.0685,0,MarketScan
1783,6,40222431402,17,0.2329,0.4227,MarketScan
1787,7,1351541402,25518,0.5353,0.4988,MarketScan
1786,7,963987402,200,0.0466,0.2109,MarketScan
1787,16,42900250402,2111,0.0443,0.2057,MarketScan
1781,16,1351541402,11564,0.0297,0.1698,MarketScan
1783,7,19058410402,-5,-0.0685,0,MarketScan
1794,4,40239056402,2408,0.634,0.4817,MarketScan
1787,15,1343039402,842,0.0177,0.1317,MarketScan
1784,3,19058410402,-5,-0.0244,0,MarketScan
1783,1,40239056402,12,0.1644,0.3706,MarketScan
1783,9,42900250402,-5,-0.0685,0,MarketScan
1780,3,1351541402,56134,0.0967,0.2956,MarketScan
1785,17,1351541402,48572,0.8973,0.3036,MarketScan
1787,2,19058410402,5763,0.1209,0.326,MarketScan
1783,10,1351541402,7,0.0959,0.2944,MarketScan
1780,6,42900250402,7909,0.0136,0.116,MarketScan
1787,4,40239056402,3874,0.0813,0.2732,MarketScan
1786,17,42900250402,1870,0.4361,0.4959,MarketScan
1785,1,1366310402,674,0.0125,0.1109,MarketScan
1786,5,1343039402,185,0.0431,0.2032,MarketScan
1783,4,1366773402,-5,-0.0685,0,MarketScan
1783,7,40239056402,12,0.1644,0.3706,MarketScan
1785,4,1351541402,47808,0.8832,0.3212,MarketScan
1787,8,42900250402,2755,0.0578,0.2333,MarketScan
1787,5,19058410402,6090,0.1277,0.3338,MarketScan
1787,2,40239056402,2330,0.0489,0.21560000000000001,MarketScan
1787,16,1351541404,36943,0.7749,0.4176,MarketScan
1787,15,1315942404,642,0.0135,0.1153,MarketScan
1785,4,1366310404,1074,0.0198,0.1395,MarketScan
1794,5,1315942404,761,0.2004,0.4003,MarketScan
1786,15,19058410404,372,0.0868,0.2815,MarketScan
1787,7,40239056404,3106,0.0652,0.2468,MarketScan
1785,3,1315942404,1963,0.0363,0.1869,MarketScan
1786,17,40239056404,2798,0.6525,0.4762,MarketScan
1794,10,19058410404,70,0.0184,0.1345,MarketScan
1794,9,40222431404,53,0.014,0.1173,MarketScan
1786,8,1343039404,75,0.0175,0.1311,MarketScan
1785,5,40239056404,5751,0.1062,0.3081,MarketScan
1785,8,1343039404,1363,0.0252,0.1567,MarketScan
1794,16,42900250404,1371,0.361,0.4803,MarketScan
1794,17,1315942404,805,0.212,0.4087,MarketScan
1786,6,40222431404,343,0.08,0.2713,MarketScan
1783,7,1343039404,-5,-0.0685,0,MarketScan
1787,4,19058410404,5907,0.1239,0.3295,MarketScan
1794,6,1343039404,173,0.0456,0.2085,MarketScan
1783,7,40239056404,12,0.1644,0.3706,MarketScan
1794,17,42900250404,1661,0.4373,0.4961,MarketScan
1785,9,40239056404,1228,0.0227,0.1489,MarketScan
1783,6,1351541404,55,0.7534,0.431,MarketScan
1786,6,42900250404,1857,0.4331,0.4955,MarketScan
1787,3,40239056404,3027,0.0635,0.2439,MarketScan
1782,4,19058410404,514,0.0123,0.1103,MarketScan
1783,12,40239056404,-5,-0.0685,0,MarketScan
1794,15,42900250404,697,0.1835,0.3871,MarketScan
1794,3,1361291404,218,0.0574,0.2326,MarketScan
1787,8,1351541404,18032,0.3783,0.485,MarketScan
1786,16,1315942404,537,0.1252,0.331,MarketScan
1787,4,40239056401,3784,0.0794,0.2703,MarketScan
1785,1,1366310401,671,0.0124,0.1106,MarketScan
1786,1,963987401,103,0.024,0.15310000000000001,MarketScan
1794,14,19058410401,67,0.0176,0.1316,MarketScan
1783,17,1366773401,-5,-0.0685,0,MarketScan
1785,2,739471401,696,0.0129,0.1127,MarketScan
1786,6,1343039401,187,0.0436,0.2042,MarketScan
1786,9,1351541401,376,0.0877,0.2828,MarketScan
1794,6,1378382401,39,0.0103,0.1008,MarketScan
1785,17,40222431401,1328,0.0245,0.1547,MarketScan
1794,17,1343039401,177,0.0466,0.2108,MarketScan
1783,6,1378382401,-5,-0.0685,0,MarketScan
1785,4,1351541401,47778,0.8826,0.3219,MarketScan
1782,7,1351541401,2448,0.0587,0.235,MarketScan
1785,16,1343039401,2556,0.0472,0.2121,MarketScan
1785,5,40222431401,927,0.0171,0.1297,MarketScan
1787,7,1366310401,559,0.0117,0.1076,MarketScan
1794,11,40239056401,339,0.0893,0.2851,MarketScan
1786,2,739471401,184,0.0429,0.2027,MarketScan
1794,4,1351541401,3393,0.8934,0.3086,MarketScan
1785,4,19058410401,6183,0.1142,0.3181,MarketScan
1787,10,19058410401,749,0.0157,0.1244,MarketScan
1794,2,963987401,219,0.0577,0.2331,MarketScan
1785,5,739471401,817,0.0151,0.1219,MarketScan
1794,6,739471401,76,0.02,0.14,MarketScan
1794,3,42900250401,1163,0.30620000000000003,0.4609,MarketScan
1794,10,19058410401,70,0.0184,0.1345,MarketScan
1787,6,1366310401,971,0.0204,0.1413,MarketScan
1785,17,1315942401,4038,0.0746,0.2627,MarketScan
1785,6,1366310401,1141,0.0211,0.1436,MarketScan
1785,9,42900250401,919,0.017,0.1292,MarketScan
1794,16,1366310401,80,0.0211,0.1436,MarketScan
1794,5,1315942401,760,0.2001,0.4001,MarketScan
1785,5,19058410401,6385,0.118,0.3226,MarketScan
1794,15,963987401,65,0.0171,0.1297,MarketScan
1783,8,40239056401,-5,-0.0685,0,MarketScan
1783,2,40222431401,-5,-0.0685,0,MarketScan
1783,6,1315942401,17,0.2329,0.4227,MarketScan
1787,2,42900250401,1079,0.0226,0.1487,MarketScan
1787,17,40222431402,1244,0.0261,0.1594,MarketScan
1783,5,1351541402,55,0.7534,0.431,MarketScan
1784,16,1351541402,33,0.161,0.3675,MarketScan
1786,15,739471402,86,0.0201,0.1402,MarketScan
1785,6,963987402,546,0.0101,0.0999,MarketScan
1794,6,739471402,76,0.02,0.14,MarketScan
1783,15,739471402,-5,-0.0685,0,MarketScan
1794,8,963987402,134,0.0353,0.1845,MarketScan
1783,17,1315942402,17,0.2329,0.4227,MarketScan
1785,14,1343039402,830,0.0153,0.1229,MarketScan
1794,17,40239056402,2498,0.6577,0.4745,MarketScan
1785,3,739471402,744,0.0137,0.1164,MarketScan
1785,8,19058410402,830,0.0153,0.1229,MarketScan
1786,15,19058410402,372,0.0868,0.2815,MarketScan
1787,6,1351541402,43346,0.9093,0.2872,MarketScan
1785,17,739471402,925,0.0171,0.1296,MarketScan
1786,4,1366310402,104,0.0243,0.1538,MarketScan
1794,7,1315942402,259,0.0682,0.2521,MarketScan
1783,5,42900250402,30,0.411,0.492,MarketScan
1785,2,40239056402,2603,0.0481,0.214,MarketScan
1786,8,1315942402,300,0.07,0.2551,MarketScan
1794,10,1315942402,44,0.0116,0.107,MarketScan
1794,6,1366310402,95,0.025,0.1562,MarketScan
1780,7,1351541402,40872,0.0704,0.2559,MarketScan
1785,7,1315942402,1161,0.0214,0.1449,MarketScan
1787,3,42900250402,1454,0.0305,0.172,MarketScan
1786,1,1315942402,133,0.031,0.1734,MarketScan
1786,9,40222431402,55,0.0128,0.1125,MarketScan
1783,13,42900250402,6,0.0822,0.2747,MarketScan
1783,2,739471402,-5,-0.0685,0,MarketScan
1785,3,40239056402,3389,0.0626,0.2423,MarketScan
1786,9,1351541402,385,0.0898,0.2859,MarketScan
1794,4,1315942402,555,0.1461,0.3532,MarketScan
1785,17,40222431402,1328,0.0245,0.1547,MarketScan
1783,10,739471402,-5,-0.0685,0,MarketScan
1786,17,1315942402,854,0.1992,0.3994,MarketScan
1785,3,1315942402,1963,0.0363,0.1869,MarketScan
1786,4,42900250402,1580,0.3685,0.4824,MarketScan
1786,1,963987402,115,0.0268,0.1616,MarketScan
1780,5,40239056402,8952,0.0154,0.1232,MarketScan
1782,5,1351541402,4181,0.1002,0.3003,MarketScan
1783,6,42900250402,30,0.411,0.492,MarketScan
1786,7,1361291402,173,0.0403,0.1968,MarketScan
1783,4,40222431402,9,0.1233,0.3288,MarketScan
1783,11,739471402,-5,-0.0685,0,MarketScan
1781,5,1351541402,18231,0.0468,0.2113,MarketScan
1785,17,1366310402,1153,0.0213,0.1444,MarketScan
1783,15,1315942402,-5,-0.0685,0,MarketScan
1780,11,1351541402,12012,0.0207,0.1424,MarketScan
1782,6,1351541404,4525,0.1084,0.3109,MarketScan
1787,16,42900250404,2111,0.0443,0.2057,MarketScan
1782,2,1351541404,677,0.0162,0.1263,MarketScan
1786,7,963987404,200,0.0466,0.2109,MarketScan
1794,16,1366310404,80,0.0211,0.1436,MarketScan
1794,8,1315942404,278,0.0732,0.2605,MarketScan
1786,17,42900250404,1870,0.4361,0.4959,MarketScan
1786,9,42900250404,169,0.0394,0.1946,MarketScan
1794,2,739471404,45,0.0118,0.1082,MarketScan
1794,4,1366310404,88,0.0232,0.1504,MarketScan
1794,12,40239056404,104,0.0274,0.1632,MarketScan
1794,1,1315942404,133,0.035,0.1838,MarketScan
1780,1,1351541404,26058,0.0449,0.2071,MarketScan
1786,6,1351541404,3748,0.8741,0.3318,MarketScan
1783,7,1351541404,39,0.5342,0.4988,MarketScan
1783,6,19058410404,-5,-0.0685,0,MarketScan
1787,3,1351541404,42122,0.8836,0.3207,MarketScan
1786,16,1351541404,3444,0.8032,0.3976,MarketScan
1786,17,40222431404,356,0.083,0.2759,MarketScan
1785,16,1343039404,2641,0.0488,0.2154,MarketScan
1785,2,1343039404,2757,0.0509,0.2199,MarketScan
1786,7,1351541404,2692,0.6278,0.4834,MarketScan
1786,1,19058410404,404,0.0942,0.2921,MarketScan
1782,4,1351541404,3174,0.0761,0.2651,MarketScan
1786,16,19058410404,440,0.1026,0.3035,MarketScan
1785,7,1343039404,1780,0.0329,0.1783,MarketScan
1786,3,1366310404,99,0.0231,0.1502,MarketScan
1794,1,1366310404,45,0.0118,0.1082,MarketScan
1780,5,1351541404,72465,0.1249,0.3306,MarketScan
1785,8,40222431404,581,0.0107,0.103,MarketScan
1783,13,1351541404,-5,-0.0685,0,MarketScan
1785,17,1351541404,48572,0.8973,0.3036,MarketScan
1794,3,40222431404,81,0.0213,0.1445,MarketScan
1787,14,1351541404,10617,0.2227,0.4161,MarketScan
1794,7,40239056404,1715,0.4516,0.4976,MarketScan
1783,9,42900250404,-5,-0.0685,0,MarketScan
1785,1,1343039404,1724,0.0318,0.1756,MarketScan
1780,17,40239056404,11371,0.0196,0.1386,MarketScan
1786,5,963987404,300,0.07,0.2551,MarketScan
1780,6,42900250401,7816,0.0135,0.1153,MarketScan
1785,3,1315942401,1962,0.0362,0.1869,MarketScan
1783,2,1351541401,45,0.6164,0.4863,MarketScan
1794,4,19058410401,589,0.1551,0.362,MarketScan
1785,3,1343039401,2939,0.0543,0.2266,MarketScan
1787,2,1366310401,850,0.0178,0.1323,MarketScan
1786,14,40239056401,61,0.0142,0.1184,MarketScan
1783,2,1343039401,-5,-0.0685,0,MarketScan
1786,13,42900250401,207,0.0483,0.2143,MarketScan
1782,5,1351541401,4181,0.1002,0.3003,MarketScan
1794,16,1343039401,129,0.034,0.1811,MarketScan
1786,5,739471401,213,0.0497,0.2173,MarketScan
1783,17,40222431401,18,0.2466,0.431,MarketScan
1783,10,739471401,-5,-0.0685,0,MarketScan
1794,8,42900250401,391,0.1029,0.3039,MarketScan
1780,5,1351541401,72429,0.1248,0.3305,MarketScan
1794,17,963987401,274,0.0721,0.2587,MarketScan
1783,15,40239056401,6,0.0822,0.2747,MarketScan
1780,4,19058410401,7769,0.0134,0.1149,MarketScan
1786,16,1366310401,96,0.0224,0.1479,MarketScan
1783,6,1343039401,-5,-0.0685,0,MarketScan
1780,9,1351541401,13455,0.0232,0.1505,MarketScan
1785,16,1366310401,920,0.017,0.1293,MarketScan
1783,6,1351541401,55,0.7534,0.431,MarketScan
1787,9,40239056401,651,0.0137,0.1161,MarketScan
1785,10,19058410401,779,0.0144,0.1191,MarketScan
1787,1,19058410401,3434,0.072,0.2585,MarketScan
1785,16,19058410401,4133,0.0764,0.2656,MarketScan
1784,9,1351541401,5,0.0244,0.1543,MarketScan
1786,1,40239056401,1302,0.3036,0.4598,MarketScan
1786,2,42900250401,1227,0.2861,0.452,MarketScan
1786,10,42900250401,314,0.0732,0.2605,MarketScan
1794,16,1361291401,137,0.0361,0.1865,MarketScan
1787,5,1315942402,3300,0.0692,0.2538,MarketScan
1787,17,1343039402,3108,0.0652,0.2469,MarketScan
1780,17,1351541402,78642,0.1355,0.3423,MarketScan
1783,16,1315942402,12,0.1644,0.3706,MarketScan
1794,5,1315942402,761,0.2004,0.4003,MarketScan
1785,9,42900250402,1471,0.0272,0.1626,MarketScan
1780,14,1351541402,11919,0.0205,0.1418,MarketScan
1794,5,1361291402,233,0.0613,0.24,MarketScan
1786,17,40222431402,356,0.083,0.2759,MarketScan
1783,17,19058410402,-5,-0.0685,0,MarketScan
1780,4,40239056402,6453,0.0111,0.1049,MarketScan
1785,15,1351541402,14555,0.2689,0.4434,MarketScan
1785,8,1315942402,1287,0.0238,0.1523,MarketScan
1787,7,42900250402,1707,0.0358,0.1858,MarketScan
1787,14,1351541402,10617,0.2227,0.4161,MarketScan
1786,4,40239056402,2694,0.6283,0.4833,MarketScan
1786,17,1351541402,3749,0.8743,0.3315,MarketScan
1787,7,1343039402,1572,0.033,0.1786,MarketScan
1783,1,42900250402,11,0.1507,0.3577,MarketScan
1785,9,1351541402,5862,0.1083,0.3107,MarketScan
1782,17,1351541402,4795,0.1149,0.3189,MarketScan
1794,17,1361291402,242,0.0637,0.2442,MarketScan
1794,1,1315942402,133,0.035,0.1838,MarketScan
1783,1,1315942402,-5,-0.0685,0,MarketScan
1783,17,1366773402,-5,-0.0685,0,MarketScan
1780,16,19058410402,6120,0.0105,0.1022,MarketScan
1786,15,42900250402,795,0.1854,0.3886,MarketScan
1785,6,1343039402,3483,0.0643,0.2454,MarketScan
1787,15,1351541402,12834,0.2692,0.4436,MarketScan
1794,4,1361291402,225,0.0592,0.2361,MarketScan
1783,5,1378382402,-5,-0.0685,0,MarketScan
1794,16,1315942402,509,0.134,0.3407,MarketScan
1786,8,1361291402,102,0.0238,0.1524,MarketScan
1794,17,963987402,274,0.0721,0.2587,MarketScan
1785,14,1351541402,11815,0.2183,0.4131,MarketScan
1785,11,1351541402,11886,0.2196,0.414,MarketScan
1787,4,1366310402,915,0.0192,0.1372,MarketScan
1787,8,40222431402,536,0.0112,0.1054,MarketScan
1786,5,40222431402,302,0.0704,0.2559,MarketScan
1783,4,42900250402,27,0.3699,0.4828,MarketScan
1785,8,1315942404,1287,0.0238,0.1523,MarketScan
1794,15,1343039404,52,0.0137,0.1162,MarketScan
1787,10,1351541404,10703,0.2245,0.4173,MarketScan
1786,15,42900250404,795,0.1854,0.3886,MarketScan
1786,1,963987404,115,0.0268,0.1616,MarketScan
1794,8,1343039404,66,0.0174,0.1307,MarketScan
1785,3,1343039404,2947,0.0544,0.2269,MarketScan
1787,3,1343039404,2601,0.0546,0.2271,MarketScan
1785,15,1315942404,642,0.0119,0.1083,MarketScan
1786,11,19058410404,72,0.0168,0.1285,MarketScan
1784,4,19058410404,5,0.0244,0.1543,MarketScan
1785,17,42900250404,5417,0.1001,0.3001,MarketScan
1794,14,42900250404,262,0.069,0.2534,MarketScan
1785,14,1343039404,830,0.0153,0.1229,MarketScan
1783,15,1351541404,18,0.2466,0.431,MarketScan
1787,11,19058410404,747,0.0157,0.1242,MarketScan
1787,17,19058410404,6232,0.1307,0.3371,MarketScan
1787,4,1366310404,915,0.0192,0.1372,MarketScan
1787,5,40222431404,873,0.0183,0.1341,MarketScan
1794,6,963987404,269,0.0708,0.2565,MarketScan
1784,6,19058410404,6,0.0293,0.1686,MarketScan
1783,2,19058410404,-5,-0.0685,0,MarketScan
1785,4,1343039404,3173,0.0586,0.2349,MarketScan
1786,15,1351541404,1285,0.2997,0.4581,MarketScan
1783,6,1366773404,-5,-0.0685,0,MarketScan
1783,4,1343039404,-5,-0.0685,0,MarketScan
1783,5,1378382404,-5,-0.0685,0,MarketScan
1787,5,42900250404,3840,0.0806,0.2721,MarketScan
1785,5,1315942404,3478,0.0643,0.2452,MarketScan
1787,14,19058410404,741,0.0155,0.1237,MarketScan
1783,4,40222431404,9,0.1233,0.3288,MarketScan
1794,1,1361291404,96,0.0253,0.157,MarketScan
1783,15,739471404,-5,-0.0685,0,MarketScan
1787,9,1351541404,5306,0.1113,0.3145,MarketScan
1786,3,1315942404,423,0.0986,0.2982,MarketScan
1781,9,1351541404,6380,0.0164,0.127,MarketScan
1783,5,19058410404,-5,-0.0685,0,MarketScan
1780,4,1351541404,63735,0.1098,0.3127,MarketScan
1785,15,19058410404,3043,0.0562,0.2303,MarketScan
1794,4,42900250404,1388,0.3655,0.4816,MarketScan
1794,4,1343039404,151,0.0398,0.1954,MarketScan
1783,3,1343039404,-5,-0.0685,0,MarketScan
1785,16,19058410404,4547,0.084,0.2774,MarketScan
1783,16,19058410404,-5,-0.0685,0,MarketScan
1786,4,42900250401,1511,0.3524,0.4777,MarketScan
1794,2,1361291401,209,0.055,0.228,MarketScan
1787,3,1343039401,2598,0.0545,0.227,MarketScan
1787,17,42900250401,4851,0.1018,0.3023,MarketScan
1794,17,1361291401,242,0.0637,0.2442,MarketScan
1794,1,1351541401,1695,0.4463,0.4971,MarketScan
1786,17,19058410401,628,0.1465,0.3536,MarketScan
1786,13,40239056401,313,0.073,0.2601,MarketScan
1787,6,42900250401,4366,0.0916,0.2884,MarketScan
1794,3,1351541401,3329,0.8765,0.329,MarketScan
1787,16,1315942401,1859,0.039,0.1936,MarketScan
1794,11,19058410401,70,0.0184,0.1345,MarketScan
1786,3,1366310401,99,0.0231,0.1502,MarketScan
1783,6,1366773401,-5,-0.0685,0,MarketScan
1786,17,1351541401,3749,0.8743,0.3315,MarketScan
1787,1,42900250401,641,0.0134,0.1152,MarketScan
1785,14,19058410401,750,0.0139,0.1169,MarketScan
1785,3,1366310401,1032,0.0191,0.1368,MarketScan
1787,9,1351541401,5237,0.1099,0.3127,MarketScan
1787,8,1343039401,1162,0.0244,0.1542,MarketScan
1786,17,1361291401,276,0.0644,0.2454,MarketScan
1783,7,40222431401,8,0.1096,0.3124,MarketScan
1785,8,42900250401,2188,0.0404,0.1969,MarketScan
1794,8,1351541401,1621,0.4268,0.4946,MarketScan
1794,5,963987401,257,0.0677,0.2512,MarketScan
1794,2,42900250401,1077,0.2836,0.4507,MarketScan
1794,5,1366310401,93,0.0245,0.1546,MarketScan
1786,11,1351541401,627,0.1462,0.3533,MarketScan
1787,1,1315942401,698,0.0146,0.1201,MarketScan
1786,6,739471401,220,0.0513,0.2206,MarketScan
1787,17,1343039401,3108,0.0652,0.2469,MarketScan
1785,16,40239056401,3095,0.0572,0.2322,MarketScan
1787,6,1343039401,3065,0.0643,0.2453,MarketScan
1785,11,19058410401,776,0.0143,0.1189,MarketScan
1786,4,739471401,196,0.0457,0.2089,MarketScan
1787,16,42900250401,1522,0.0319,0.1758,MarketScan
1783,11,40239056401,5,0.0685,0.2526,MarketScan
1785,8,1315942401,1126,0.0208,0.1427,MarketScan
1783,8,1315942401,6,0.0822,0.2747,MarketScan
1794,1,40239056402,1286,0.3386,0.4732,MarketScan
1794,3,1343039402,136,0.0358,0.1858,MarketScan
1786,6,1361291402,272,0.0634,0.2437,MarketScan
1794,7,1343039402,100,0.0263,0.1601,MarketScan
1783,12,42900250402,-5,-0.0685,0,MarketScan
1786,6,963987402,304,0.0709,0.2567,MarketScan
1787,10,19058410402,749,0.0157,0.1244,MarketScan
1786,9,40239056402,214,0.0499,0.2178,MarketScan
1794,1,1343039402,73,0.0192,0.1373,MarketScan
1783,6,1343039402,-5,-0.0685,0,MarketScan
1786,10,42900250402,315,0.0735,0.2609,MarketScan
1794,10,42900250402,269,0.0708,0.2565,MarketScan
1794,3,1366310402,84,0.0221,0.1471,MarketScan
1794,9,40222431402,53,0.014,0.1173,MarketScan
1780,2,1351541402,46128,0.0795,0.2705,MarketScan
1784,5,1351541402,42,0.2049,0.4036,MarketScan
1782,17,19058410402,788,0.0189,0.1361,MarketScan
1787,15,19058410402,2939,0.0617,0.2405,MarketScan
1784,1,1351541402,20,0.0976,0.2967,MarketScan
1794,4,19058410402,589,0.1551,0.362,MarketScan
1794,14,19058410402,70,0.0184,0.1345,MarketScan
1780,17,19058410402,10322,0.0178,0.1322,MarketScan
1786,1,1351541402,1867,0.4354,0.4958,MarketScan
1794,3,1351541402,3330,0.8768,0.3287,MarketScan
1782,6,40239056402,466,0.0112,0.1051,MarketScan
1785,7,1343039402,1780,0.0329,0.1783,MarketScan
1794,8,40222431402,163,0.0429,0.2027,MarketScan
1783,4,1343039402,-5,-0.0685,0,MarketScan
1783,6,1366773402,-5,-0.0685,0,MarketScan
1786,11,42900250402,314,0.0732,0.2605,MarketScan
1787,7,19058410402,1171,0.0246,0.1548,MarketScan
1786,14,19058410402,72,0.0168,0.1285,MarketScan
1786,5,1351541402,3745,0.8734,0.3326,MarketScan
1783,3,42900250402,19,0.2603,0.4388,MarketScan
1780,5,19058410402,9125,0.0157,0.1244,MarketScan
1787,17,1351541402,43404,0.9105,0.2855,MarketScan
1785,1,42900250402,805,0.0149,0.121,MarketScan
1785,7,1366310402,676,0.0125,0.1111,MarketScan
1786,17,1361291402,276,0.0644,0.2454,MarketScan
1785,6,1315942404,3798,0.0702,0.2554,MarketScan
1786,4,1366310404,104,0.0243,0.1538,MarketScan
1786,15,963987404,115,0.0268,0.1616,MarketScan
1782,16,1351541404,3023,0.0724,0.2592,MarketScan
1794,6,1366310404,95,0.025,0.1562,MarketScan
1783,3,739471404,-5,-0.0685,0,MarketScan
1781,8,1351541404,12213,0.0314,0.1744,MarketScan
1786,1,40239056404,1411,0.3291,0.4699,MarketScan
1783,11,1351541404,7,0.0959,0.2944,MarketScan
1783,2,1351541404,45,0.6164,0.4863,MarketScan
1784,17,19058410404,6,0.0293,0.1686,MarketScan
1786,6,739471404,224,0.0522,0.2225,MarketScan
1785,5,739471404,830,0.0153,0.1229,MarketScan
1786,9,40239056404,214,0.0499,0.2178,MarketScan
1786,8,739471404,90,0.021,0.1433,MarketScan
1785,2,40239056404,2603,0.0481,0.214,MarketScan
1784,5,19058410404,6,0.0293,0.1686,MarketScan
1786,15,40239056404,1406,0.3279,0.4694,MarketScan
1785,1,42900250404,805,0.0149,0.121,MarketScan
1786,17,1361291404,276,0.0644,0.2454,MarketScan
1794,17,1366310404,95,0.025,0.1562,MarketScan
1794,17,19058410404,604,0.159,0.3657,MarketScan
1794,7,1351541404,2461,0.648,0.4776,MarketScan
1785,4,1351541404,47808,0.8832,0.3212,MarketScan
1785,14,1351541404,11815,0.2183,0.4131,MarketScan
1787,5,19058410404,6090,0.1277,0.3338,MarketScan
1782,16,19058410404,431,0.0103,0.1011,MarketScan
1783,9,40222431404,-5,-0.0685,0,MarketScan
1780,7,1351541404,40872,0.0704,0.2559,MarketScan
1787,17,1343039404,3108,0.0652,0.2469,MarketScan
1794,1,42900250404,703,0.1851,0.3884,MarketScan
1786,16,739471404,198,0.0462,0.2099,MarketScan
1783,14,42900250404,6,0.0822,0.2747,MarketScan
1783,6,739471404,-5,-0.0685,0,MarketScan
1787,7,40239056401,1107,0.0232,0.1506,MarketScan
1786,17,963987401,310,0.0723,0.259,MarketScan
1794,4,40239056401,2319,0.6106,0.4876,MarketScan
1786,4,19058410401,610,0.1423,0.3493,MarketScan
1783,5,19058410401,-5,-0.0685,0,MarketScan
1787,2,40239056401,2234,0.0469,0.2113,MarketScan
1787,17,1366310401,982,0.0206,0.142,MarketScan
1787,17,1351541401,43404,0.9105,0.2855,MarketScan
1787,11,1351541401,10649,0.2234,0.4165,MarketScan
1783,3,19058410401,-5,-0.0685,0,MarketScan
1794,15,1351541401,1118,0.2944,0.4558,MarketScan
1787,2,1343039401,2416,0.0507,0.2193,MarketScan
1794,15,40239056401,850,0.2238,0.4168,MarketScan
1783,10,19058410401,-5,-0.0685,0,MarketScan
1783,5,739471401,-5,-0.0685,0,MarketScan
1786,2,1315942401,319,0.0744,0.2624,MarketScan
1783,8,42900250401,6,0.0822,0.2747,MarketScan
1781,6,1351541401,20782,0.0534,0.2248,MarketScan
1785,1,19058410401,3559,0.0657,0.2478,MarketScan
1786,8,1351541401,1768,0.4123,0.4923,MarketScan
1784,17,1351541401,42,0.2049,0.4036,MarketScan
1783,12,42900250401,-5,-0.0685,0,MarketScan
1781,8,1351541401,12094,0.0311,0.1735,MarketScan
1787,8,19058410401,694,0.0146,0.1198,MarketScan
1783,1,1351541401,24,0.3288,0.4698,MarketScan
1783,11,1351541401,7,0.0959,0.2944,MarketScan
1794,9,40222431401,45,0.0118,0.1082,MarketScan
1783,17,19058410401,-5,-0.0685,0,MarketScan
1783,16,40222431401,9,0.1233,0.3288,MarketScan
1782,6,1351541401,4525,0.1084,0.3109,MarketScan
1786,4,1366310401,104,0.0243,0.1538,MarketScan
1783,5,42900250401,28,0.3836,0.4863,MarketScan
1783,5,1366773401,-5,-0.0685,0,MarketScan
1784,5,1351541401,42,0.2049,0.4036,MarketScan
1783,13,40239056401,5,0.0685,0.2526,MarketScan
1794,6,1366310401,95,0.025,0.1562,MarketScan
1794,14,42900250402,262,0.069,0.2534,MarketScan
1785,17,40239056402,6617,0.1222,0.3276,MarketScan
1785,4,42900250402,2400,0.0443,0.2058,MarketScan
1794,2,40239056402,2316,0.6098,0.4878,MarketScan
1787,1,1366310402,584,0.0123,0.11,MarketScan
1787,16,1366310402,806,0.0169,0.1289,MarketScan
1785,1,1343039402,1724,0.0318,0.1756,MarketScan
1785,16,19058410402,4547,0.084,0.2774,MarketScan
1785,1,19058410402,3560,0.0658,0.2479,MarketScan
1794,6,1361291402,238,0.0627,0.2424,MarketScan
1783,5,739471402,-5,-0.0685,0,MarketScan
1785,6,1366310402,1142,0.0211,0.1437,MarketScan
1787,10,1351541402,10703,0.2245,0.4173,MarketScan
1787,6,1343039402,3066,0.0643,0.2453,MarketScan
1783,14,739471402,-5,-0.0685,0,MarketScan
1786,11,1315942402,44,0.0103,0.1008,MarketScan
1786,15,963987402,115,0.0268,0.1616,MarketScan
1786,4,739471402,200,0.0466,0.2109,MarketScan
1785,11,19058410402,777,0.0144,0.1189,MarketScan
1783,10,42900250402,6,0.0822,0.2747,MarketScan
1786,4,1315942402,583,0.136,0.3427,MarketScan
1794,3,963987402,238,0.0627,0.2424,MarketScan
1794,7,963987402,176,0.0463,0.2102,MarketScan
1785,1,40239056402,1412,0.0261,0.1594,MarketScan
1786,12,40239056402,115,0.0268,0.1616,MarketScan
1794,9,1351541402,363,0.0956,0.294,MarketScan
1785,14,19058410402,770,0.0142,0.1184,MarketScan
1794,16,739471402,55,0.0145,0.1195,MarketScan
1794,10,1351541402,582,0.1532,0.3602,MarketScan
1794,5,42900250402,1618,0.426,0.4945,MarketScan
1786,17,1343039402,195,0.0455,0.2083,MarketScan
1786,10,1351541402,633,0.1476,0.3547,MarketScan
1786,9,42900250402,169,0.0394,0.1946,MarketScan
1794,2,1361291402,211,0.0556,0.2291,MarketScan
1794,8,1343039402,66,0.0174,0.1307,MarketScan
1794,17,19058410402,604,0.159,0.3657,MarketScan
1794,17,1315942402,805,0.212,0.4087,MarketScan
1787,11,1343039402,740,0.0155,0.1236,MarketScan
1783,7,1315942402,12,0.1644,0.3706,MarketScan
1783,15,40239056402,12,0.1644,0.3706,MarketScan
1786,6,42900250402,1857,0.4331,0.4955,MarketScan
1794,6,40239056402,2492,0.6561,0.475,MarketScan
1794,4,40222431402,146,0.0384,0.1923,MarketScan
1783,4,1351541402,55,0.7534,0.431,MarketScan
1780,16,1351541402,57034,0.0983,0.2977,MarketScan
1785,3,19058410402,6090,0.1125,0.316,MarketScan
1785,16,1343039402,2641,0.0488,0.2154,MarketScan
1786,2,739471402,188,0.0438,0.2047,MarketScan
1785,17,739471404,925,0.0171,0.1296,MarketScan
1783,6,1315942404,17,0.2329,0.4227,MarketScan
1780,4,40239056404,6453,0.0111,0.1049,MarketScan
1787,6,40239056404,5596,0.1174,0.3219,MarketScan
1786,15,1361291404,105,0.0245,0.1546,MarketScan
1787,7,1351541404,25518,0.5353,0.4988,MarketScan
1787,8,40239056404,3178,0.0667,0.2494,MarketScan
1786,10,40239056404,488,0.1138,0.3176,MarketScan
1785,15,42900250404,796,0.0147,0.1204,MarketScan
1794,7,40222431404,103,0.0271,0.1624,MarketScan
1794,2,1361291404,211,0.0556,0.2291,MarketScan
1787,2,19058410404,5763,0.1209,0.326,MarketScan
1786,17,1315942404,854,0.1992,0.3994,MarketScan
1786,16,1343039404,147,0.0343,0.182,MarketScan
1781,6,1351541404,20782,0.0534,0.2248,MarketScan
1794,6,1351541404,3430,0.9031,0.2958,MarketScan
1783,7,739471404,-5,-0.0685,0,MarketScan
1780,17,1351541404,78642,0.1355,0.3423,MarketScan
1794,1,19058410404,395,0.104,0.3053,MarketScan
1786,10,19058410404,72,0.0168,0.1285,MarketScan
1794,5,1343039404,168,0.0442,0.2056,MarketScan
1794,6,19058410404,604,0.159,0.3657,MarketScan
1784,4,1351541404,39,0.1902,0.3925,MarketScan
1786,16,40239056404,2655,0.6192,0.4856,MarketScan
1786,8,40222431404,182,0.0424,0.2016,MarketScan
1787,8,40222431404,536,0.0112,0.1054,MarketScan
1783,3,19058410404,-5,-0.0685,0,MarketScan
1787,15,1351541404,12834,0.2692,0.4436,MarketScan
1784,3,1351541404,38,0.1854,0.3886,MarketScan
1794,7,1361291404,156,0.0411,0.1985,MarketScan
1786,15,1315942404,115,0.0268,0.1616,MarketScan
1785,4,42900250404,2400,0.0443,0.2058,MarketScan
1785,7,42900250404,1920,0.0355,0.185,MarketScan
1786,5,1351541404,3745,0.8734,0.3326,MarketScan
1785,3,1366310404,1034,0.0191,0.1369,MarketScan
1781,17,1351541404,23121,0.0594,0.2364,MarketScan
1786,14,42900250404,307,0.0716,0.2578,MarketScan
1783,2,1343039404,-5,-0.0685,0,MarketScan
1786,8,1351541404,1803,0.4205,0.4936,MarketScan
1785,17,1315942404,4038,0.0746,0.2627,MarketScan
1794,6,1361291404,238,0.0627,0.2424,MarketScan
1783,12,42900250404,-5,-0.0685,0,MarketScan
1786,10,1351541401,633,0.1476,0.3547,MarketScan
1786,9,42900250401,80,0.0187,0.1353,MarketScan
1794,12,40239056401,104,0.0274,0.1632,MarketScan
1783,10,1351541401,7,0.0959,0.2944,MarketScan
1783,1,1315942401,-5,-0.0685,0,MarketScan
1787,6,40222431401,1085,0.0228,0.1491,MarketScan
1786,4,40239056401,2596,0.6054,0.4888,MarketScan
1786,2,1351541401,3528,0.8228,0.3819,MarketScan
1783,10,40239056401,6,0.0822,0.2747,MarketScan
1783,2,739471401,-5,-0.0685,0,MarketScan
1783,3,1343039401,-5,-0.0685,0,MarketScan
1780,8,1351541401,35134,0.0606,0.2385,MarketScan
1786,4,1351541401,3707,0.8645,0.3423,MarketScan
1786,8,40239056401,332,0.0774,0.2673,MarketScan
1783,5,1378382401,-5,-0.0685,0,MarketScan
1783,4,1366773401,-5,-0.0685,0,MarketScan
1784,1,1351541401,20,0.0976,0.2967,MarketScan
1783,9,40222431401,-5,-0.0685,0,MarketScan
1787,7,1315942401,652,0.0137,0.1161,MarketScan
1786,1,1366310401,54,0.0126,0.1115,MarketScan
1783,15,1315942401,-5,-0.0685,0,MarketScan
1785,11,1351541401,11828,0.2185,0.4132,MarketScan
1786,16,19058410401,370,0.0863,0.2808,MarketScan
1782,6,19058410401,736,0.0176,0.1316,MarketScan
1785,2,1343039401,2749,0.0508,0.2196,MarketScan
1787,4,1366310401,913,0.0192,0.1371,MarketScan
1794,4,963987401,237,0.0624,0.2419,MarketScan
1781,4,1351541401,11564,0.0297,0.1698,MarketScan
1794,13,42900250401,180,0.0474,0.2125,MarketScan
1786,3,963987401,260,0.0606,0.2387,MarketScan
1783,11,739471401,-5,-0.0685,0,MarketScan
1780,1,1351541401,25979,0.0448,0.2068,MarketScan
1786,6,963987401,295,0.0688,0.2531,MarketScan
1794,8,1366310401,46,0.0121,0.1094,MarketScan
1794,9,42900250401,74,0.0195,0.1382,MarketScan
1786,8,963987401,54,0.0126,0.1115,MarketScan
1783,17,1343039401,-5,-0.0685,0,MarketScan
1787,6,19058410401,6176,0.1296,0.3358,MarketScan
1785,1,1315942401,698,0.0129,0.1128,MarketScan
1786,16,963987401,179,0.0417,0.2,MarketScan
1786,15,739471401,60,0.014,0.1175,MarketScan
1786,5,963987401,291,0.0679,0.2515,MarketScan
1783,17,1315942401,17,0.2329,0.4227,MarketScan
1786,17,739471401,225,0.0525,0.223,MarketScan
1787,16,1343039401,2267,0.0476,0.2128,MarketScan
1794,17,40222431401,332,0.0874,0.2824,MarketScan
1787,6,1315942401,3588,0.0753,0.2638,MarketScan
1784,4,1351541401,39,0.1902,0.3925,MarketScan
1787,6,1351541401,43341,0.9092,0.2874,MarketScan
1785,5,1366310401,1124,0.0208,0.1426,MarketScan
1794,10,40239056401,443,0.1166,0.321,MarketScan
1783,7,19058410401,-5,-0.0685,0,MarketScan
1785,2,1315942402,1535,0.0284,0.166,MarketScan
1794,6,1351541402,3430,0.9031,0.2958,MarketScan
1783,7,739471402,-5,-0.0685,0,MarketScan
1783,16,42900250402,25,0.3425,0.4745,MarketScan
1794,9,42900250402,156,0.0411,0.1985,MarketScan
1786,8,1351541402,1803,0.4205,0.4936,MarketScan
1786,16,1315942402,537,0.1252,0.331,MarketScan
1794,1,42900250402,703,0.1851,0.3884,MarketScan
1786,16,1366310402,96,0.0224,0.1479,MarketScan
1783,10,19058410402,-5,-0.0685,0,MarketScan
1787,10,1343039402,741,0.0155,0.1237,MarketScan
1785,16,40239056402,4284,0.0791,0.27,MarketScan
1785,17,963987402,683,0.0126,0.1116,MarketScan
1782,6,1351541402,4525,0.1084,0.3109,MarketScan
1783,6,1315942402,17,0.2329,0.4227,MarketScan
1787,16,1343039402,2327,0.0488,0.2155,MarketScan
1786,5,1315942402,807,0.1882,0.3909,MarketScan
1785,10,1351541402,11930,0.2204,0.4145,MarketScan
1785,2,42900250402,1307,0.0241,0.1535,MarketScan
1787,3,40239056402,3027,0.0635,0.2439,MarketScan
1781,9,1351541402,6380,0.0164,0.127,MarketScan
1786,2,1361291402,239,0.0557,0.2294,MarketScan
1794,3,40222431402,81,0.0213,0.1445,MarketScan
1783,6,1378382402,-5,-0.0685,0,MarketScan
1784,4,19058410402,5,0.0244,0.1543,MarketScan
1785,3,1351541402,47114,0.8704,0.3359,MarketScan
1787,4,1343039402,2794,0.0586,0.2349,MarketScan
1786,4,1351541402,3708,0.8647,0.342,MarketScan
1786,15,1351541402,1285,0.2997,0.4581,MarketScan
1783,14,19058410402,-5,-0.0685,0,MarketScan
1786,7,1343039402,114,0.0266,0.1609,MarketScan
1787,11,1351541402,10671,0.2238,0.4168,MarketScan
1787,15,42900250402,698,0.0146,0.1201,MarketScan
1787,7,1366310402,578,0.0121,0.1094,MarketScan
1794,17,1366310402,95,0.025,0.1562,MarketScan
1794,1,963987402,102,0.0269,0.1617,MarketScan
1785,6,19058410404,6486,0.1198,0.3248,MarketScan
1794,10,40239056404,443,0.1166,0.321,MarketScan
1794,16,1361291404,223,0.0587,0.2351,MarketScan
1783,17,739471404,-5,-0.0685,0,MarketScan
1785,16,739471404,758,0.014,0.1175,MarketScan
1794,16,40239056404,2371,0.6243,0.4843,MarketScan
1794,17,1378382404,40,0.0105,0.1021,MarketScan
1794,12,42900250404,67,0.0176,0.1316,MarketScan
1782,3,1351541404,1930,0.0463,0.21,MarketScan
1780,6,40239056404,10145,0.0175,0.1311,MarketScan
1785,2,1366310404,1000,0.0185,0.1347,MarketScan
1786,3,1351541404,3639,0.8486,0.3584,MarketScan
1787,10,19058410404,749,0.0157,0.1244,MarketScan
1786,8,1366310404,54,0.0126,0.1115,MarketScan
1783,6,1343039404,-5,-0.0685,0,MarketScan
1783,15,19058410404,-5,-0.0685,0,MarketScan
1794,17,40222431404,332,0.0874,0.2824,MarketScan
1786,5,1315942404,807,0.1882,0.3909,MarketScan
1786,1,1343039404,83,0.0194,0.1378,MarketScan
1780,8,1351541404,35659,0.0615,0.2402,MarketScan
1787,6,42900250404,4417,0.0927,0.2899,MarketScan
1782,5,1351541404,4181,0.1002,0.3003,MarketScan
1794,8,40222431404,163,0.0429,0.2027,MarketScan
1783,3,1315942404,-5,-0.0685,0,MarketScan
1787,11,1343039404,740,0.0155,0.1236,MarketScan
1794,15,1351541404,1157,0.3046,0.4603,MarketScan
1783,8,1351541404,23,0.3151,0.4645,MarketScan
1783,4,739471404,-5,-0.0685,0,MarketScan
1794,6,40239056404,2492,0.6561,0.475,MarketScan
1783,9,1351541404,-5,-0.0685,0,MarketScan
1786,5,739471404,217,0.0506,0.2192,MarketScan
1785,17,40222431404,1328,0.0245,0.1547,MarketScan
1794,9,1351541404,363,0.0956,0.294,MarketScan
1787,2,1366310404,852,0.0179,0.1325,MarketScan
1785,2,739471404,710,0.0131,0.1138,MarketScan
1783,3,1366773404,-5,-0.0685,0,MarketScan
1785,8,1351541404,20054,0.3705,0.4829,MarketScan
1782,9,1351541404,940,0.0225,0.1484,MarketScan
1786,5,42900250404,1824,0.4254,0.4944,MarketScan
1785,6,739471404,866,0.016,0.1255,MarketScan
1784,9,1351541404,5,0.0244,0.1543,MarketScan
1794,4,1366310401,88,0.0232,0.1504,MarketScan
1786,15,42900250401,489,0.114,0.3179,MarketScan
1794,7,40222431401,82,0.0216,0.1453,MarketScan
1784,17,19058410401,6,0.0293,0.1686,MarketScan
1782,17,1351541401,4795,0.1149,0.3189,MarketScan
1781,3,1351541401,6287,0.0162,0.1261,MarketScan
1794,14,40239056401,54,0.0142,0.1184,MarketScan
1780,7,1351541401,39887,0.0687,0.253,MarketScan
1794,7,40239056401,247,0.065,0.2466,MarketScan
1783,1,40239056401,11,0.1507,0.3577,MarketScan
1786,10,1315942401,44,0.0103,0.1008,MarketScan
1794,8,40222431401,145,0.0382,0.1916,MarketScan
1783,2,1315942401,-5,-0.0685,0,MarketScan
1781,17,1351541401,23121,0.0594,0.2364,MarketScan
1786,2,1361291401,235,0.0548,0.2276,MarketScan
1785,7,42900250401,914,0.0169,0.1288,MarketScan
1787,5,1343039401,3001,0.063,0.2429,MarketScan
1780,16,1351541401,56482,0.0973,0.2964,MarketScan
1786,1,19058410401,404,0.0942,0.2921,MarketScan
1785,4,739471401,753,0.0139,0.1171,MarketScan
1786,7,1315942401,196,0.0457,0.2089,MarketScan
1794,6,963987401,261,0.0687,0.253,MarketScan
1784,6,19058410401,6,0.0293,0.1686,MarketScan
1787,5,42900250401,3788,0.0795,0.2705,MarketScan
1787,3,1366310401,880,0.0185,0.1346,MarketScan
1787,11,1343039401,735,0.0154,0.1232,MarketScan
1794,2,1315942401,318,0.0837,0.277,MarketScan
1786,9,40239056401,85,0.0198,0.1394,MarketScan
1794,4,739471401,56,0.0147,0.1205,MarketScan
1783,15,19058410401,-5,-0.0685,0,MarketScan
1794,1,1361291401,94,0.0247,0.1554,MarketScan
1783,8,1351541401,22,0.3014,0.4589,MarketScan
1784,1,19058410401,-5,-0.0244,0,MarketScan
1794,6,1361291401,236,0.0621,0.2414,MarketScan
1787,10,1343039401,741,0.0155,0.1237,MarketScan
1785,8,19058410401,742,0.0137,0.1163,MarketScan
1787,8,40239056401,1705,0.0358,0.1857,MarketScan
1785,10,1343039401,839,0.0155,0.1235,MarketScan
1794,6,19058410401,604,0.159,0.3657,MarketScan
1786,15,963987401,76,0.0177,0.1319,MarketScan
1794,15,19058410401,325,0.0856,0.2797,MarketScan
1787,16,1351541401,36572,0.7672,0.4226,MarketScan
1785,15,1351541401,13994,0.2585,0.4378,MarketScan
1786,5,40239056401,2681,0.6252,0.4841,MarketScan
1786,3,739471401,189,0.0441,0.2053,MarketScan
1783,3,739471401,-5,-0.0685,0,MarketScan
1785,1,1351541402,25879,0.4781,0.4995,MarketScan
1787,2,1315942402,1533,0.0322,0.1764,MarketScan
1786,6,1366310402,112,0.0261,0.1595,MarketScan
1786,2,19058410402,590,0.1376,0.3445,MarketScan
1786,2,1315942402,320,0.0746,0.2628,MarketScan
1782,9,1351541402,940,0.0225,0.1484,MarketScan
1783,6,739471402,-5,-0.0685,0,MarketScan
1780,17,1315942402,6498,0.0112,0.1052,MarketScan
1786,6,1351541402,3748,0.8741,0.3318,MarketScan
1794,1,19058410402,395,0.104,0.3053,MarketScan
1786,8,739471402,90,0.021,0.1433,MarketScan
1784,2,1351541402,33,0.161,0.3675,MarketScan
1783,15,19058410402,-5,-0.0685,0,MarketScan
1783,16,1351541402,52,0.7123,0.4527,MarketScan
1787,6,963987402,477,0.01,0.0995,MarketScan
1783,3,1351541402,51,0.6986,0.4589,MarketScan
1786,7,739471402,136,0.0317,0.1752,MarketScan
1783,1,739471402,-5,-0.0685,0,MarketScan
1787,16,1351541402,36943,0.7749,0.4176,MarketScan
1787,2,42900250402,1141,0.0239,0.1528,MarketScan
1782,5,19058410402,683,0.0164,0.1269,MarketScan
1783,2,42900250402,18,0.2466,0.431,MarketScan
1794,15,42900250402,697,0.1835,0.3871,MarketScan
1786,4,19058410402,610,0.1423,0.3493,MarketScan
1785,2,739471402,710,0.0131,0.1138,MarketScan
1794,9,40239056402,190,0.05,0.218,MarketScan
1785,7,40239056402,3471,0.0641,0.245,MarketScan
1787,17,1315942402,3800,0.0797,0.2708,MarketScan
1783,17,42900250402,30,0.411,0.492,MarketScan
1786,8,40239056402,1196,0.2789,0.4485,MarketScan
1784,3,1351541402,38,0.1854,0.3886,MarketScan
1787,5,42900250402,3840,0.0806,0.2721,MarketScan
1794,13,42900250402,244,0.0642,0.2452,MarketScan
1794,16,40222431402,138,0.0363,0.1871,MarketScan
1782,4,1351541402,3174,0.0761,0.2651,MarketScan
1787,17,19058410402,6232,0.1307,0.3371,MarketScan
1794,16,42900250402,1371,0.361,0.4803,MarketScan
1786,16,40239056402,2655,0.6192,0.4856,MarketScan
1786,8,40222431402,182,0.0424,0.2016,MarketScan
1794,3,1315942402,406,0.1069,0.309,MarketScan
1783,7,40222431402,8,0.1096,0.3124,MarketScan
1784,6,19058410402,6,0.0293,0.1686,MarketScan
1780,14,1351541404,11919,0.0205,0.1418,MarketScan
1785,5,1366310404,1125,0.0208,0.1427,MarketScan
1783,4,1315942404,13,0.1781,0.3826,MarketScan
1786,2,1343039404,139,0.0324,0.1771,MarketScan
1785,16,40239056404,4284,0.0791,0.27,MarketScan
1785,17,963987404,683,0.0126,0.1116,MarketScan
1785,3,739471404,744,0.0137,0.1164,MarketScan
1794,17,40239056404,2498,0.6577,0.4745,MarketScan
1783,1,1351541404,24,0.3288,0.4698,MarketScan
1786,3,1361291404,247,0.0576,0.233,MarketScan
1786,17,963987404,310,0.0723,0.259,MarketScan
1787,17,42900250404,4851,0.1018,0.3023,MarketScan
1794,10,1351541404,582,0.1532,0.3602,MarketScan
1786,9,1315942404,61,0.0142,0.1184,MarketScan
1786,3,40239056404,2624,0.6119,0.4873,MarketScan
1785,2,1315942404,1535,0.0284,0.166,MarketScan
1786,6,1366310404,112,0.0261,0.1595,MarketScan
1794,15,40239056404,1281,0.3373,0.4728,MarketScan
1787,16,1343039404,2327,0.0488,0.2155,MarketScan
1794,8,1361291404,88,0.0232,0.1504,MarketScan
1783,16,40239056404,18,0.2466,0.431,MarketScan
1783,16,40222431404,9,0.1233,0.3288,MarketScan
1785,11,1351541404,11886,0.2196,0.414,MarketScan
1780,11,1351541404,12012,0.0207,0.1424,MarketScan
1794,11,40239056404,439,0.1156,0.3197,MarketScan
1794,8,42900250404,812,0.2138,0.41,MarketScan
1786,10,1315942404,44,0.0103,0.1008,MarketScan
1794,16,40222431404,138,0.0363,0.1871,MarketScan
1786,3,19058410404,599,0.1397,0.3467,MarketScan
1786,8,1361291404,102,0.0238,0.1524,MarketScan
1780,9,1351541404,13611,0.0235,0.1514,MarketScan
1794,5,1366310404,93,0.0245,0.1546,MarketScan
1783,17,1343039404,-5,-0.0685,0,MarketScan
1787,4,1351541404,42764,0.897,0.3039,MarketScan
1780,6,19058410404,9768,0.0168,0.1287,MarketScan
1781,5,1351541404,18231,0.0468,0.2113,MarketScan
1787,8,1343039404,1208,0.0253,0.1572,MarketScan
1785,2,1351541404,45703,0.8443,0.3626,MarketScan
1794,4,1315942404,555,0.1461,0.3532,MarketScan
1786,7,40222431404,108,0.0252,0.1567,MarketScan
1780,16,40239056404,6363,0.011,0.1041,MarketScan
1786,14,40239056404,476,0.111,0.3141,MarketScan
1786,4,19058410404,610,0.1423,0.3493,MarketScan
1786,1,1315942404,133,0.031,0.1734,MarketScan
1786,9,40222431404,55,0.0128,0.1125,MarketScan
1783,1,19058410404,-5,-0.0685,0,MarketScan
1785,10,19058410404,779,0.0144,0.1191,MarketScan
1794,8,963987404,134,0.0353,0.1845,MarketScan
